set N := 1 2 3 4 5 6 7 8 9 10 11 12 13 14 15 16 17 18 19 20 21 22 23 24 25 26 27 28 29 30 31 32 33 34 35 36 37 38 39 40 41 42 43 44 45 46 47 48 49 50 51 52 53 54 55 56 57 58 59 60 61 62 63 64 65 66 67 68 69 70 71 72 73 74 75 76 77 78 79 80 81 82 83 84 85 86 87 88 89 90 91 92 93 94 95 96 97 98 99 100 ;

set M := 1 2 3 4 5 6 7 8 9 10 11 12 13 14 15 16 17 18 19 20 21 22 23 24 25 26 27 28 29 30 31 32 33 34 35 36 37 38 39 40 41 42 43 44 45 46 47 48 49 50 51 52 53 54 55 56 57 58 59 60 ;

param m := 60;

param: T: time :=
1 1 62
1 2 41
1 3 96
1 4 33
1 5 87
1 6 72
1 7 11
1 8 39
1 9 9
1 10 49
1 11 62
1 12 7
1 13 15
1 14 33
1 15 29
1 16 82
1 17 33
1 18 83
1 19 9
1 20 13
1 21 61
1 22 17
1 23 62
1 24 91
1 25 61
1 26 51
1 27 18
1 28 19
1 29 30
1 30 64
1 31 29
1 32 46
1 33 1
1 34 6
1 35 99
1 36 32
1 37 55
1 38 29
1 39 3
1 40 96
1 41 30
1 42 29
1 43 69
1 44 89
1 45 53
1 46 22
1 47 14
1 48 88
1 49 54
1 50 83
1 51 29
1 52 80
1 53 23
1 54 32
1 55 63
1 56 29
1 57 11
1 58 48
1 59 62
1 60 96
2 1 8
2 2 29
2 3 43
2 4 80
2 5 32
2 6 45
2 7 28
2 8 13
2 9 15
2 10 49
2 11 57
2 12 80
2 13 70
2 14 34
2 15 62
2 16 8
2 17 85
2 18 62
2 19 57
2 20 98
2 21 68
2 22 96
2 23 91
2 24 8
2 25 27
2 26 17
2 27 74
2 28 23
2 29 94
2 30 97
2 31 45
2 32 58
2 33 95
2 34 72
2 35 68
2 36 81
2 37 33
2 38 32
2 39 76
2 40 43
2 41 42
2 42 7
2 43 74
2 44 83
2 45 28
2 46 48
2 47 94
2 48 13
2 49 6
2 50 6
2 51 59
2 52 7
2 53 82
2 54 56
2 55 92
2 56 64
2 57 71
2 58 41
2 59 83
2 60 7
3 1 20
3 2 16
3 3 93
3 4 36
3 5 82
3 6 19
3 7 70
3 8 58
3 9 95
3 10 6
3 11 94
3 12 49
3 13 4
3 14 18
3 15 82
3 16 30
3 17 66
3 18 72
3 19 20
3 20 63
3 21 44
3 22 2
3 23 98
3 24 91
3 25 21
3 26 64
3 27 80
3 28 80
3 29 42
3 30 21
3 31 7
3 32 47
3 33 56
3 34 43
3 35 38
3 36 67
3 37 94
3 38 90
3 39 89
3 40 6
3 41 23
3 42 81
3 43 80
3 44 14
3 45 54
3 46 46
3 47 35
3 48 78
3 49 14
3 50 33
3 51 94
3 52 27
3 53 73
3 54 92
3 55 31
3 56 12
3 57 20
3 58 93
3 59 55
3 60 45
4 1 13
4 2 17
4 3 85
4 4 43
4 5 39
4 6 38
4 7 11
4 8 96
4 9 97
4 10 2
4 11 44
4 12 99
4 13 35
4 14 40
4 15 85
4 16 79
4 17 38
4 18 2
4 19 12
4 20 20
4 21 59
4 22 72
4 23 76
4 24 76
4 25 4
4 26 17
4 27 84
4 28 10
4 29 32
4 30 85
4 31 68
4 32 2
4 33 47
4 34 36
4 35 90
4 36 26
4 37 66
4 38 78
4 39 44
4 40 78
4 41 95
4 42 64
4 43 29
4 44 98
4 45 64
4 46 36
4 47 11
4 48 44
4 49 89
4 50 37
4 51 21
4 52 77
4 53 60
4 54 55
4 55 24
4 56 95
4 57 83
4 58 10
4 59 69
4 60 12
5 1 20
5 2 55
5 3 23
5 4 54
5 5 98
5 6 29
5 7 16
5 8 62
5 9 98
5 10 65
5 11 74
5 12 73
5 13 32
5 14 85
5 15 13
5 16 46
5 17 59
5 18 90
5 19 12
5 20 65
5 21 30
5 22 52
5 23 96
5 24 8
5 25 36
5 26 65
5 27 97
5 28 74
5 29 2
5 30 1
5 31 68
5 32 25
5 33 64
5 34 85
5 35 74
5 36 63
5 37 9
5 38 92
5 39 84
5 40 49
5 41 65
5 42 18
5 43 35
5 44 50
5 45 91
5 46 66
5 47 45
5 48 65
5 49 80
5 50 98
5 51 93
5 52 58
5 53 70
5 54 91
5 55 98
5 56 99
5 57 68
5 58 10
5 59 59
5 60 10
6 1 86
6 2 13
6 3 43
6 4 43
6 5 58
6 6 29
6 7 28
6 8 48
6 9 8
6 10 70
6 11 45
6 12 17
6 13 55
6 14 75
6 15 67
6 16 86
6 17 95
6 18 5
6 19 49
6 20 64
6 21 3
6 22 25
6 23 12
6 24 94
6 25 13
6 26 45
6 27 14
6 28 74
6 29 7
6 30 12
6 31 73
6 32 10
6 33 3
6 34 66
6 35 31
6 36 37
6 37 10
6 38 11
6 39 43
6 40 84
6 41 18
6 42 48
6 43 71
6 44 29
6 45 22
6 46 98
6 47 8
6 48 67
6 49 5
6 50 94
6 51 26
6 52 34
6 53 16
6 54 2
6 55 77
6 56 6
6 57 45
6 58 47
6 59 55
6 60 88
7 1 61
7 2 18
7 3 5
7 4 85
7 5 56
7 6 78
7 7 44
7 8 65
7 9 38
7 10 25
7 11 27
7 12 8
7 13 46
7 14 60
7 15 66
7 16 82
7 17 86
7 18 69
7 19 99
7 20 85
7 21 18
7 22 21
7 23 52
7 24 47
7 25 23
7 26 35
7 27 48
7 28 78
7 29 46
7 30 79
7 31 64
7 32 29
7 33 9
7 34 93
7 35 20
7 36 59
7 37 93
7 38 57
7 39 74
7 40 67
7 41 81
7 42 36
7 43 41
7 44 9
7 45 90
7 46 84
7 47 58
7 48 6
7 49 30
7 50 87
7 51 83
7 52 39
7 53 76
7 54 69
7 55 82
7 56 59
7 57 41
7 58 98
7 59 37
7 60 60
8 1 85
8 2 66
8 3 6
8 4 16
8 5 88
8 6 25
8 7 87
8 8 61
8 9 96
8 10 11
8 11 89
8 12 65
8 13 86
8 14 79
8 15 98
8 16 38
8 17 40
8 18 44
8 19 2
8 20 60
8 21 99
8 22 74
8 23 5
8 24 39
8 25 57
8 26 18
8 27 45
8 28 10
8 29 3
8 30 39
8 31 8
8 32 54
8 33 17
8 34 80
8 35 74
8 36 3
8 37 4
8 38 19
8 39 77
8 40 28
8 41 87
8 42 38
8 43 31
8 44 64
8 45 20
8 46 60
8 47 63
8 48 3
8 49 69
8 50 7
8 51 78
8 52 41
8 53 7
8 54 72
8 55 10
8 56 98
8 57 78
8 58 40
8 59 49
8 60 20
9 1 54
9 2 70
9 3 74
9 4 23
9 5 88
9 6 38
9 7 89
9 8 75
9 9 24
9 10 2
9 11 61
9 12 4
9 13 30
9 14 37
9 15 20
9 16 53
9 17 56
9 18 54
9 19 51
9 20 69
9 21 45
9 22 88
9 23 96
9 24 76
9 25 25
9 26 43
9 27 44
9 28 44
9 29 95
9 30 6
9 31 76
9 32 94
9 33 53
9 34 79
9 35 3
9 36 84
9 37 34
9 38 99
9 39 96
9 40 53
9 41 79
9 42 21
9 43 12
9 44 42
9 45 24
9 46 99
9 47 54
9 48 1
9 49 88
9 50 8
9 51 29
9 52 61
9 53 20
9 54 48
9 55 89
9 56 25
9 57 94
9 58 68
9 59 57
9 60 6
10 1 5
10 2 77
10 3 87
10 4 21
10 5 74
10 6 21
10 7 12
10 8 17
10 9 78
10 10 73
10 11 69
10 12 87
10 13 66
10 14 44
10 15 4
10 16 2
10 17 10
10 18 13
10 19 5
10 20 63
10 21 24
10 22 36
10 23 15
10 24 58
10 25 39
10 26 90
10 27 20
10 28 81
10 29 18
10 30 51
10 31 99
10 32 23
10 33 39
10 34 18
10 35 19
10 36 68
10 37 5
10 38 23
10 39 71
10 40 55
10 41 33
10 42 12
10 43 7
10 44 63
10 45 45
10 46 58
10 47 13
10 48 53
10 49 65
10 50 59
10 51 23
10 52 75
10 53 79
10 54 26
10 55 80
10 56 2
10 57 34
10 58 64
10 59 74
10 60 71
11 1 62
11 2 15
11 3 23
11 4 43
11 5 73
11 6 79
11 7 83
11 8 90
11 9 48
11 10 80
11 11 2
11 12 91
11 13 1
11 14 12
11 15 35
11 16 96
11 17 40
11 18 72
11 19 17
11 20 71
11 21 10
11 22 16
11 23 34
11 24 57
11 25 91
11 26 35
11 27 46
11 28 86
11 29 26
11 30 66
11 31 67
11 32 52
11 33 58
11 34 2
11 35 81
11 36 21
11 37 21
11 38 15
11 39 71
11 40 23
11 41 18
11 42 62
11 43 75
11 44 78
11 45 73
11 46 17
11 47 7
11 48 39
11 49 39
11 50 14
11 51 95
11 52 41
11 53 99
11 54 55
11 55 42
11 56 10
11 57 6
11 58 88
11 59 86
11 60 67
12 1 27
12 2 37
12 3 40
12 4 17
12 5 2
12 6 75
12 7 29
12 8 20
12 9 31
12 10 67
12 11 47
12 12 83
12 13 46
12 14 5
12 15 17
12 16 23
12 17 30
12 18 15
12 19 1
12 20 73
12 21 94
12 22 31
12 23 31
12 24 53
12 25 31
12 26 48
12 27 27
12 28 20
12 29 86
12 30 86
12 31 27
12 32 57
12 33 35
12 34 62
12 35 59
12 36 89
12 37 51
12 38 20
12 39 24
12 40 11
12 41 95
12 42 80
12 43 56
12 44 74
12 45 75
12 46 16
12 47 2
12 48 92
12 49 41
12 50 40
12 51 22
12 52 14
12 53 23
12 54 94
12 55 3
12 56 7
12 57 40
12 58 56
12 59 43
12 60 53
13 1 8
13 2 95
13 3 42
13 4 27
13 5 40
13 6 72
13 7 20
13 8 27
13 9 31
13 10 40
13 11 23
13 12 70
13 13 45
13 14 89
13 15 16
13 16 79
13 17 65
13 18 73
13 19 58
13 20 10
13 21 63
13 22 70
13 23 4
13 24 11
13 25 5
13 26 92
13 27 96
13 28 11
13 29 1
13 30 39
13 31 23
13 32 61
13 33 61
13 34 54
13 35 61
13 36 4
13 37 20
13 38 46
13 39 41
13 40 20
13 41 28
13 42 59
13 43 86
13 44 86
13 45 48
13 46 26
13 47 23
13 48 65
13 49 86
13 50 25
13 51 63
13 52 58
13 53 45
13 54 32
13 55 5
13 56 45
13 57 82
13 58 35
13 59 97
13 60 78
14 1 26
14 2 51
14 3 77
14 4 77
14 5 50
14 6 70
14 7 64
14 8 73
14 9 41
14 10 3
14 11 71
14 12 89
14 13 93
14 14 23
14 15 75
14 16 53
14 17 12
14 18 17
14 19 49
14 20 81
14 21 26
14 22 90
14 23 50
14 24 76
14 25 22
14 26 92
14 27 11
14 28 31
14 29 67
14 30 52
14 31 93
14 32 35
14 33 67
14 34 42
14 35 91
14 36 18
14 37 93
14 38 23
14 39 82
14 40 80
14 41 59
14 42 12
14 43 83
14 44 92
14 45 43
14 46 95
14 47 53
14 48 72
14 49 83
14 50 84
14 51 44
14 52 61
14 53 83
14 54 58
14 55 98
14 56 62
14 57 21
14 58 68
14 59 32
14 60 15
15 1 31
15 2 92
15 3 72
15 4 10
15 5 18
15 6 57
15 7 28
15 8 81
15 9 23
15 10 61
15 11 98
15 12 26
15 13 20
15 14 84
15 15 77
15 16 18
15 17 56
15 18 63
15 19 83
15 20 53
15 21 48
15 22 47
15 23 34
15 24 20
15 25 74
15 26 87
15 27 43
15 28 71
15 29 54
15 30 18
15 31 8
15 32 76
15 33 9
15 34 29
15 35 25
15 36 41
15 37 8
15 38 36
15 39 24
15 40 50
15 41 84
15 42 4
15 43 46
15 44 68
15 45 56
15 46 79
15 47 79
15 48 85
15 49 77
15 50 31
15 51 33
15 52 13
15 53 33
15 54 17
15 55 19
15 56 55
15 57 26
15 58 7
15 59 68
15 60 18
16 1 28
16 2 48
16 3 4
16 4 30
16 5 3
16 6 51
16 7 42
16 8 76
16 9 7
16 10 15
16 11 96
16 12 88
16 13 40
16 14 41
16 15 12
16 16 26
16 17 92
16 18 98
16 19 45
16 20 51
16 21 14
16 22 26
16 23 69
16 24 77
16 25 2
16 26 3
16 27 79
16 28 48
16 29 81
16 30 18
16 31 12
16 32 71
16 33 34
16 34 10
16 35 12
16 36 19
16 37 76
16 38 70
16 39 17
16 40 69
16 41 23
16 42 24
16 43 37
16 44 43
16 45 62
16 46 33
16 47 33
16 48 73
16 49 41
16 50 91
16 51 52
16 52 99
16 53 37
16 54 92
16 55 61
16 56 80
16 57 56
16 58 8
16 59 70
16 60 62
17 1 96
17 2 89
17 3 60
17 4 61
17 5 53
17 6 98
17 7 48
17 8 23
17 9 60
17 10 18
17 11 46
17 12 82
17 13 5
17 14 89
17 15 14
17 16 45
17 17 41
17 18 11
17 19 97
17 20 43
17 21 2
17 22 52
17 23 8
17 24 52
17 25 82
17 26 99
17 27 79
17 28 61
17 29 39
17 30 30
17 31 23
17 32 45
17 33 43
17 34 62
17 35 56
17 36 74
17 37 56
17 38 56
17 39 59
17 40 52
17 41 46
17 42 46
17 43 25
17 44 84
17 45 38
17 46 34
17 47 72
17 48 7
17 49 79
17 50 72
17 51 48
17 52 26
17 53 66
17 54 18
17 55 44
17 56 60
17 57 50
17 58 33
17 59 95
17 60 70
18 1 33
18 2 65
18 3 46
18 4 26
18 5 5
18 6 48
18 7 87
18 8 55
18 9 5
18 10 68
18 11 15
18 12 51
18 13 90
18 14 26
18 15 51
18 16 54
18 17 49
18 18 73
18 19 35
18 20 25
18 21 92
18 22 91
18 23 76
18 24 70
18 25 14
18 26 75
18 27 23
18 28 10
18 29 5
18 30 99
18 31 85
18 32 63
18 33 56
18 34 3
18 35 25
18 36 17
18 37 80
18 38 26
18 39 1
18 40 6
18 41 46
18 42 68
18 43 15
18 44 96
18 45 16
18 46 51
18 47 25
18 48 77
18 49 4
18 50 20
18 51 98
18 52 77
18 53 12
18 54 9
18 55 25
18 56 82
18 57 12
18 58 53
18 59 28
18 60 19
19 1 74
19 2 27
19 3 22
19 4 5
19 5 70
19 6 26
19 7 21
19 8 12
19 9 82
19 10 49
19 11 87
19 12 85
19 13 19
19 14 33
19 15 81
19 16 97
19 17 6
19 18 34
19 19 47
19 20 46
19 21 5
19 22 80
19 23 38
19 24 26
19 25 82
19 26 34
19 27 90
19 28 26
19 29 18
19 30 27
19 31 73
19 32 38
19 33 50
19 34 63
19 35 83
19 36 66
19 37 72
19 38 16
19 39 71
19 40 90
19 41 39
19 42 39
19 43 95
19 44 14
19 45 49
19 46 85
19 47 68
19 48 96
19 49 10
19 50 8
19 51 21
19 52 62
19 53 95
19 54 59
19 55 6
19 56 14
19 57 62
19 58 51
19 59 19
19 60 23
20 1 80
20 2 16
20 3 97
20 4 51
20 5 89
20 6 77
20 7 49
20 8 29
20 9 1
20 10 48
20 11 91
20 12 12
20 13 89
20 14 87
20 15 22
20 16 65
20 17 54
20 18 93
20 19 50
20 20 69
20 21 41
20 22 25
20 23 50
20 24 34
20 25 59
20 26 53
20 27 30
20 28 70
20 29 26
20 30 12
20 31 9
20 32 53
20 33 33
20 34 86
20 35 66
20 36 75
20 37 11
20 38 57
20 39 97
20 40 80
20 41 32
20 42 93
20 43 72
20 44 21
20 45 90
20 46 56
20 47 16
20 48 74
20 49 39
20 50 71
20 51 32
20 52 23
20 53 77
20 54 60
20 55 41
20 56 79
20 57 15
20 58 56
20 59 13
20 60 4
21 1 59
21 2 38
21 3 10
21 4 54
21 5 2
21 6 50
21 7 72
21 8 59
21 9 99
21 10 12
21 11 11
21 12 17
21 13 81
21 14 18
21 15 81
21 16 43
21 17 10
21 18 78
21 19 78
21 20 31
21 21 97
21 22 75
21 23 46
21 24 97
21 25 59
21 26 7
21 27 1
21 28 22
21 29 25
21 30 57
21 31 38
21 32 8
21 33 63
21 34 23
21 35 25
21 36 21
21 37 98
21 38 62
21 39 35
21 40 84
21 41 5
21 42 70
21 43 71
21 44 40
21 45 4
21 46 81
21 47 64
21 48 87
21 49 30
21 50 57
21 51 61
21 52 85
21 53 13
21 54 11
21 55 47
21 56 68
21 57 92
21 58 79
21 59 38
21 60 94
22 1 86
22 2 40
22 3 61
22 4 57
22 5 53
22 6 29
22 7 6
22 8 6
22 9 28
22 10 25
22 11 99
22 12 67
22 13 37
22 14 81
22 15 66
22 16 62
22 17 93
22 18 43
22 19 40
22 20 46
22 21 50
22 22 65
22 23 69
22 24 45
22 25 58
22 26 28
22 27 21
22 28 41
22 29 47
22 30 13
22 31 64
22 32 37
22 33 40
22 34 83
22 35 18
22 36 10
22 37 58
22 38 90
22 39 57
22 40 21
22 41 82
22 42 84
22 43 38
22 44 55
22 45 74
22 46 16
22 47 79
22 48 3
22 49 83
22 50 53
22 51 8
22 52 94
22 53 79
22 54 47
22 55 57
22 56 73
22 57 93
22 58 20
22 59 76
22 60 54
23 1 55
23 2 61
23 3 90
23 4 97
23 5 62
23 6 62
23 7 18
23 8 8
23 9 22
23 10 12
23 11 36
23 12 34
23 13 41
23 14 34
23 15 48
23 16 29
23 17 56
23 18 63
23 19 1
23 20 87
23 21 44
23 22 59
23 23 41
23 24 88
23 25 45
23 26 16
23 27 32
23 28 93
23 29 70
23 30 27
23 31 51
23 32 81
23 33 15
23 34 1
23 35 31
23 36 32
23 37 69
23 38 47
23 39 49
23 40 74
23 41 2
23 42 65
23 43 50
23 44 72
23 45 74
23 46 11
23 47 56
23 48 1
23 49 87
23 50 34
23 51 17
23 52 52
23 53 88
23 54 5
23 55 89
23 56 70
23 57 84
23 58 56
23 59 53
23 60 86
24 1 28
24 2 34
24 3 8
24 4 26
24 5 87
24 6 27
24 7 1
24 8 4
24 9 17
24 10 4
24 11 75
24 12 18
24 13 68
24 14 96
24 15 58
24 16 20
24 17 41
24 18 96
24 19 14
24 20 18
24 21 37
24 22 59
24 23 22
24 24 39
24 25 66
24 26 27
24 27 80
24 28 62
24 29 53
24 30 22
24 31 30
24 32 89
24 33 95
24 34 71
24 35 38
24 36 26
24 37 1
24 38 54
24 39 17
24 40 83
24 41 99
24 42 90
24 43 36
24 44 26
24 45 8
24 46 19
24 47 71
24 48 18
24 49 91
24 50 21
24 51 98
24 52 59
24 53 37
24 54 89
24 55 7
24 56 98
24 57 66
24 58 59
24 59 19
24 60 70
25 1 17
25 2 39
25 3 24
25 4 99
25 5 89
25 6 17
25 7 57
25 8 52
25 9 41
25 10 20
25 11 96
25 12 52
25 13 51
25 14 65
25 15 49
25 16 71
25 17 20
25 18 19
25 19 53
25 20 68
25 21 60
25 22 57
25 23 16
25 24 36
25 25 85
25 26 95
25 27 65
25 28 88
25 29 16
25 30 30
25 31 84
25 32 83
25 33 57
25 34 2
25 35 49
25 36 69
25 37 18
25 38 89
25 39 9
25 40 8
25 41 64
25 42 80
25 43 61
25 44 95
25 45 44
25 46 78
25 47 9
25 48 11
25 49 17
25 50 52
25 51 16
25 52 27
25 53 74
25 54 24
25 55 97
25 56 94
25 57 41
25 58 70
25 59 94
25 60 75
26 1 83
26 2 62
26 3 33
26 4 73
26 5 71
26 6 76
26 7 69
26 8 12
26 9 76
26 10 56
26 11 63
26 12 28
26 13 88
26 14 13
26 15 32
26 16 10
26 17 90
26 18 76
26 19 83
26 20 80
26 21 27
26 22 42
26 23 26
26 24 11
26 25 50
26 26 84
26 27 1
26 28 11
26 29 31
26 30 26
26 31 90
26 32 32
26 33 74
26 34 77
26 35 98
26 36 94
26 37 67
26 38 97
26 39 2
26 40 95
26 41 48
26 42 29
26 43 15
26 44 82
26 45 94
26 46 14
26 47 31
26 48 95
26 49 41
26 50 2
26 51 21
26 52 3
26 53 92
26 54 86
26 55 2
26 56 92
26 57 90
26 58 49
26 59 11
26 60 94
27 1 43
27 2 92
27 3 52
27 4 41
27 5 35
27 6 87
27 7 91
27 8 83
27 9 69
27 10 71
27 11 15
27 12 48
27 13 9
27 14 64
27 15 88
27 16 73
27 17 29
27 18 1
27 19 84
27 20 64
27 21 86
27 22 91
27 23 44
27 24 79
27 25 68
27 26 51
27 27 10
27 28 3
27 29 89
27 30 72
27 31 38
27 32 90
27 33 31
27 34 25
27 35 81
27 36 90
27 37 50
27 38 5
27 39 98
27 40 61
27 41 15
27 42 76
27 43 27
27 44 55
27 45 21
27 46 65
27 47 32
27 48 34
27 49 2
27 50 12
27 51 17
27 52 35
27 53 54
27 54 77
27 55 53
27 56 98
27 57 26
27 58 72
27 59 71
27 60 32
28 1 31
28 2 54
28 3 21
28 4 74
28 5 11
28 6 94
28 7 77
28 8 79
28 9 42
28 10 32
28 11 81
28 12 30
28 13 56
28 14 56
28 15 10
28 16 58
28 17 36
28 18 80
28 19 23
28 20 33
28 21 86
28 22 5
28 23 56
28 24 34
28 25 14
28 26 87
28 27 24
28 28 29
28 29 47
28 30 57
28 31 59
28 32 26
28 33 84
28 34 40
28 35 23
28 36 54
28 37 63
28 38 94
28 39 46
28 40 11
28 41 73
28 42 71
28 43 81
28 44 75
28 45 60
28 46 30
28 47 85
28 48 59
28 49 95
28 50 1
28 51 62
28 52 69
28 53 23
28 54 57
28 55 33
28 56 93
28 57 71
28 58 45
28 59 10
28 60 23
29 1 30
29 2 82
29 3 94
29 4 88
29 5 11
29 6 20
29 7 35
29 8 71
29 9 36
29 10 40
29 11 91
29 12 99
29 13 47
29 14 18
29 15 14
29 16 66
29 17 5
29 18 85
29 19 29
29 20 16
29 21 30
29 22 65
29 23 80
29 24 77
29 25 11
29 26 69
29 27 77
29 28 56
29 29 74
29 30 68
29 31 40
29 32 15
29 33 87
29 34 96
29 35 55
29 36 84
29 37 61
29 38 31
29 39 75
29 40 1
29 41 36
29 42 63
29 43 21
29 44 65
29 45 3
29 46 62
29 47 71
29 48 54
29 49 85
29 50 78
29 51 65
29 52 46
29 53 59
29 54 58
29 55 32
29 56 21
29 57 19
29 58 58
29 59 21
29 60 71
30 1 7
30 2 71
30 3 20
30 4 23
30 5 46
30 6 16
30 7 65
30 8 32
30 9 73
30 10 54
30 11 87
30 12 49
30 13 37
30 14 20
30 15 41
30 16 36
30 17 21
30 18 91
30 19 23
30 20 73
30 21 10
30 22 38
30 23 72
30 24 22
30 25 89
30 26 9
30 27 99
30 28 99
30 29 76
30 30 65
30 31 98
30 32 97
30 33 92
30 34 62
30 35 33
30 36 47
30 37 45
30 38 30
30 39 5
30 40 10
30 41 74
30 42 16
30 43 41
30 44 57
30 45 77
30 46 82
30 47 63
30 48 48
30 49 20
30 50 86
30 51 16
30 52 40
30 53 99
30 54 61
30 55 79
30 56 76
30 57 19
30 58 89
30 59 92
30 60 45
31 1 77
31 2 48
31 3 46
31 4 98
31 5 96
31 6 47
31 7 39
31 8 71
31 9 39
31 10 96
31 11 3
31 12 54
31 13 82
31 14 87
31 15 35
31 16 96
31 17 57
31 18 47
31 19 97
31 20 46
31 21 57
31 22 26
31 23 70
31 24 53
31 25 91
31 26 19
31 27 65
31 28 99
31 29 35
31 30 22
31 31 45
31 32 22
31 33 81
31 34 88
31 35 99
31 36 47
31 37 20
31 38 24
31 39 71
31 40 61
31 41 94
31 42 45
31 43 39
31 44 58
31 45 4
31 46 86
31 47 90
31 48 74
31 49 43
31 50 29
31 51 58
31 52 82
31 53 30
31 54 79
31 55 87
31 56 97
31 57 36
31 58 48
31 59 64
31 60 38
32 1 13
32 2 70
32 3 20
32 4 25
32 5 10
32 6 85
32 7 98
32 8 26
32 9 5
32 10 87
32 11 45
32 12 66
32 13 96
32 14 73
32 15 48
32 16 74
32 17 32
32 18 76
32 19 59
32 20 28
32 21 64
32 22 62
32 23 59
32 24 16
32 25 75
32 26 17
32 27 43
32 28 37
32 29 97
32 30 59
32 31 58
32 32 98
32 33 16
32 34 44
32 35 6
32 36 86
32 37 50
32 38 60
32 39 82
32 40 22
32 41 32
32 42 30
32 43 47
32 44 18
32 45 40
32 46 52
32 47 14
32 48 10
32 49 51
32 50 63
32 51 19
32 52 29
32 53 14
32 54 4
32 55 16
32 56 14
32 57 67
32 58 1
32 59 87
32 60 20
33 1 54
33 2 31
33 3 82
33 4 43
33 5 98
33 6 98
33 7 17
33 8 68
33 9 52
33 10 53
33 11 94
33 12 32
33 13 20
33 14 35
33 15 44
33 16 31
33 17 36
33 18 20
33 19 72
33 20 34
33 21 36
33 22 3
33 23 70
33 24 80
33 25 50
33 26 28
33 27 45
33 28 52
33 29 20
33 30 88
33 31 50
33 32 77
33 33 97
33 34 13
33 35 25
33 36 93
33 37 4
33 38 36
33 39 94
33 40 65
33 41 31
33 42 25
33 43 76
33 44 60
33 45 29
33 46 84
33 47 77
33 48 2
33 49 8
33 50 87
33 51 11
33 52 71
33 53 48
33 54 90
33 55 45
33 56 21
33 57 95
33 58 34
33 59 68
33 60 15
34 1 87
34 2 34
34 3 36
34 4 24
34 5 36
34 6 26
34 7 22
34 8 28
34 9 63
34 10 3
34 11 9
34 12 7
34 13 66
34 14 58
34 15 73
34 16 19
34 17 55
34 18 54
34 19 65
34 20 13
34 21 95
34 22 35
34 23 67
34 24 4
34 25 38
34 26 72
34 27 98
34 28 19
34 29 35
34 30 36
34 31 5
34 32 90
34 33 60
34 34 86
34 35 28
34 36 55
34 37 88
34 38 61
34 39 65
34 40 84
34 41 96
34 42 87
34 43 52
34 44 52
34 45 1
34 46 54
34 47 33
34 48 28
34 49 37
34 50 17
34 51 4
34 52 25
34 53 50
34 54 13
34 55 35
34 56 72
34 57 46
34 58 37
34 59 16
34 60 76
35 1 18
35 2 71
35 3 77
35 4 79
35 5 72
35 6 90
35 7 83
35 8 50
35 9 90
35 10 77
35 11 94
35 12 56
35 13 15
35 14 30
35 15 46
35 16 97
35 17 39
35 18 35
35 19 3
35 20 15
35 21 49
35 22 37
35 23 63
35 24 84
35 25 40
35 26 42
35 27 54
35 28 75
35 29 2
35 30 18
35 31 4
35 32 30
35 33 59
35 34 98
35 35 9
35 36 88
35 37 91
35 38 84
35 39 38
35 40 72
35 41 91
35 42 8
35 43 5
35 44 94
35 45 17
35 46 11
35 47 41
35 48 67
35 49 55
35 50 43
35 51 31
35 52 15
35 53 7
35 54 78
35 55 93
35 56 21
35 57 45
35 58 13
35 59 18
35 60 69
36 1 25
36 2 96
36 3 99
36 4 48
36 5 36
36 6 94
36 7 26
36 8 32
36 9 29
36 10 4
36 11 3
36 12 66
36 13 52
36 14 52
36 15 38
36 16 13
36 17 90
36 18 58
36 19 8
36 20 23
36 21 82
36 22 41
36 23 70
36 24 71
36 25 64
36 26 98
36 27 18
36 28 45
36 29 59
36 30 89
36 31 73
36 32 67
36 33 21
36 34 95
36 35 67
36 36 30
36 37 91
36 38 56
36 39 54
36 40 31
36 41 32
36 42 78
36 43 65
36 44 60
36 45 51
36 46 82
36 47 92
36 48 75
36 49 12
36 50 43
36 51 50
36 52 56
36 53 21
36 54 13
36 55 73
36 56 37
36 57 14
36 58 50
36 59 39
36 60 51
37 1 93
37 2 1
37 3 17
37 4 42
37 5 87
37 6 87
37 7 94
37 8 10
37 9 31
37 10 3
37 11 23
37 12 17
37 13 89
37 14 33
37 15 91
37 16 64
37 17 78
37 18 42
37 19 15
37 20 10
37 21 48
37 22 85
37 23 94
37 24 91
37 25 33
37 26 60
37 27 93
37 28 68
37 29 88
37 30 80
37 31 33
37 32 17
37 33 69
37 34 51
37 35 96
37 36 24
37 37 11
37 38 86
37 39 96
37 40 55
37 41 26
37 42 73
37 43 62
37 44 26
37 45 28
37 46 90
37 47 22
37 48 72
37 49 40
37 50 42
37 51 5
37 52 99
37 53 54
37 54 48
37 55 94
37 56 86
37 57 46
37 58 8
37 59 87
37 60 33
38 1 59
38 2 33
38 3 56
38 4 2
38 5 24
38 6 12
38 7 12
38 8 97
38 9 64
38 10 55
38 11 18
38 12 64
38 13 9
38 14 25
38 15 4
38 16 6
38 17 12
38 18 64
38 19 73
38 20 60
38 21 53
38 22 65
38 23 13
38 24 86
38 25 74
38 26 39
38 27 31
38 28 34
38 29 51
38 30 99
38 31 13
38 32 6
38 33 35
38 34 47
38 35 39
38 36 48
38 37 8
38 38 26
38 39 16
38 40 12
38 41 13
38 42 97
38 43 26
38 44 70
38 45 78
38 46 38
38 47 80
38 48 9
38 49 46
38 50 68
38 51 42
38 52 87
38 53 53
38 54 64
38 55 40
38 56 68
38 57 42
38 58 13
38 59 13
38 60 55
39 1 5
39 2 99
39 3 28
39 4 69
39 5 67
39 6 57
39 7 89
39 8 82
39 9 87
39 10 8
39 11 10
39 12 66
39 13 8
39 14 67
39 15 17
39 16 38
39 17 97
39 18 12
39 19 27
39 20 95
39 21 75
39 22 7
39 23 97
39 24 95
39 25 85
39 26 63
39 27 43
39 28 3
39 29 79
39 30 68
39 31 71
39 32 8
39 33 25
39 34 92
39 35 93
39 36 13
39 37 43
39 38 91
39 39 90
39 40 12
39 41 41
39 42 39
39 43 49
39 44 25
39 45 92
39 46 60
39 47 12
39 48 64
39 49 92
39 50 66
39 51 80
39 52 36
39 53 83
39 54 83
39 55 87
39 56 10
39 57 12
39 58 56
39 59 25
39 60 5
40 1 97
40 2 50
40 3 68
40 4 81
40 5 95
40 6 83
40 7 71
40 8 35
40 9 90
40 10 75
40 11 4
40 12 28
40 13 62
40 14 73
40 15 41
40 16 4
40 17 97
40 18 20
40 19 60
40 20 80
40 21 54
40 22 41
40 23 77
40 24 7
40 25 89
40 26 94
40 27 36
40 28 37
40 29 8
40 30 6
40 31 43
40 32 46
40 33 96
40 34 48
40 35 89
40 36 96
40 37 64
40 38 97
40 39 26
40 40 42
40 41 75
40 42 28
40 43 66
40 44 6
40 45 58
40 46 37
40 47 42
40 48 81
40 49 42
40 50 32
40 51 37
40 52 49
40 53 37
40 54 95
40 55 58
40 56 93
40 57 57
40 58 34
40 59 44
40 60 68
41 1 61
41 2 46
41 3 8
41 4 58
41 5 67
41 6 98
41 7 50
41 8 9
41 9 44
41 10 80
41 11 22
41 12 47
41 13 4
41 14 65
41 15 91
41 16 99
41 17 50
41 18 22
41 19 62
41 20 90
41 21 37
41 22 30
41 23 44
41 24 67
41 25 59
41 26 13
41 27 63
41 28 87
41 29 85
41 30 88
41 31 88
41 32 77
41 33 78
41 34 82
41 35 76
41 36 29
41 37 87
41 38 79
41 39 89
41 40 7
41 41 8
41 42 97
41 43 25
41 44 70
41 45 20
41 46 98
41 47 71
41 48 52
41 49 73
41 50 93
41 51 62
41 52 25
41 53 78
41 54 92
41 55 10
41 56 65
41 57 4
41 58 92
41 59 36
41 60 89
42 1 14
42 2 42
42 3 23
42 4 19
42 5 74
42 6 89
42 7 63
42 8 5
42 9 26
42 10 20
42 11 73
42 12 9
42 13 97
42 14 35
42 15 6
42 16 43
42 17 8
42 18 32
42 19 70
42 20 83
42 21 78
42 22 88
42 23 54
42 24 33
42 25 54
42 26 42
42 27 88
42 28 2
42 29 18
42 30 56
42 31 20
42 32 8
42 33 20
42 34 72
42 35 77
42 36 32
42 37 81
42 38 13
42 39 31
42 40 88
42 41 37
42 42 87
42 43 95
42 44 70
42 45 17
42 46 1
42 47 33
42 48 2
42 49 89
42 50 68
42 51 35
42 52 99
42 53 27
42 54 10
42 55 3
42 56 24
42 57 41
42 58 49
42 59 61
42 60 74
43 1 12
43 2 45
43 3 61
43 4 57
43 5 22
43 6 53
43 7 59
43 8 39
43 9 46
43 10 67
43 11 92
43 12 42
43 13 69
43 14 2
43 15 75
43 16 76
43 17 32
43 18 19
43 19 77
43 20 90
43 21 28
43 22 3
43 23 82
43 24 88
43 25 98
43 26 34
43 27 24
43 28 61
43 29 5
43 30 26
43 31 38
43 32 9
43 33 60
43 34 22
43 35 7
43 36 63
43 37 74
43 38 55
43 39 51
43 40 43
43 41 26
43 42 39
43 43 17
43 44 85
43 45 55
43 46 23
43 47 60
43 48 45
43 49 76
43 50 39
43 51 14
43 52 62
43 53 23
43 54 29
43 55 12
43 56 21
43 57 84
43 58 7
43 59 83
43 60 70
44 1 97
44 2 34
44 3 52
44 4 66
44 5 3
44 6 67
44 7 5
44 8 57
44 9 75
44 10 42
44 11 14
44 12 33
44 13 96
44 14 83
44 15 20
44 16 95
44 17 20
44 18 58
44 19 21
44 20 30
44 21 45
44 22 28
44 23 15
44 24 77
44 25 16
44 26 32
44 27 95
44 28 51
44 29 89
44 30 45
44 31 2
44 32 32
44 33 65
44 34 75
44 35 64
44 36 40
44 37 41
44 38 86
44 39 7
44 40 77
44 41 57
44 42 72
44 43 83
44 44 78
44 45 45
44 46 27
44 47 72
44 48 9
44 49 76
44 50 60
44 51 59
44 52 14
44 53 99
44 54 72
44 55 58
44 56 6
44 57 83
44 58 95
44 59 82
44 60 15
45 1 35
45 2 35
45 3 47
45 4 84
45 5 39
45 6 3
45 7 62
45 8 54
45 9 44
45 10 99
45 11 63
45 12 72
45 13 93
45 14 4
45 15 72
45 16 31
45 17 72
45 18 67
45 19 95
45 20 16
45 21 27
45 22 27
45 23 99
45 24 15
45 25 62
45 26 81
45 27 21
45 28 21
45 29 45
45 30 96
45 31 99
45 32 32
45 33 53
45 34 34
45 35 43
45 36 25
45 37 41
45 38 10
45 39 61
45 40 70
45 41 42
45 42 52
45 43 30
45 44 95
45 45 98
45 46 84
45 47 71
45 48 28
45 49 96
45 50 71
45 51 61
45 52 68
45 53 61
45 54 99
45 55 94
45 56 83
45 57 22
45 58 83
45 59 82
45 60 9
46 1 58
46 2 9
46 3 50
46 4 4
46 5 92
46 6 67
46 7 62
46 8 8
46 9 82
46 10 37
46 11 1
46 12 77
46 13 30
46 14 6
46 15 60
46 16 11
46 17 23
46 18 61
46 19 47
46 20 86
46 21 45
46 22 76
46 23 94
46 24 75
46 25 61
46 26 69
46 27 25
46 28 2
46 29 31
46 30 26
46 31 24
46 32 60
46 33 19
46 34 1
46 35 14
46 36 15
46 37 16
46 38 35
46 39 31
46 40 46
46 41 61
46 42 71
46 43 49
46 44 2
46 45 68
46 46 46
46 47 11
46 48 88
46 49 56
46 50 74
46 51 40
46 52 9
46 53 64
46 54 88
46 55 69
46 56 3
46 57 94
46 58 67
46 59 93
46 60 85
47 1 6
47 2 79
47 3 27
47 4 74
47 5 62
47 6 36
47 7 46
47 8 35
47 9 97
47 10 4
47 11 24
47 12 9
47 13 67
47 14 44
47 15 1
47 16 98
47 17 78
47 18 75
47 19 40
47 20 8
47 21 30
47 22 62
47 23 72
47 24 78
47 25 11
47 26 87
47 27 16
47 28 74
47 29 21
47 30 74
47 31 35
47 32 84
47 33 27
47 34 33
47 35 76
47 36 60
47 37 62
47 38 73
47 39 79
47 40 13
47 41 30
47 42 11
47 43 70
47 44 26
47 45 78
47 46 32
47 47 74
47 48 59
47 49 49
47 50 20
47 51 9
47 52 53
47 53 13
47 54 54
47 55 37
47 56 63
47 57 57
47 58 21
47 59 11
47 60 73
48 1 87
48 2 13
48 3 7
48 4 78
48 5 38
48 6 94
48 7 56
48 8 31
48 9 32
48 10 67
48 11 23
48 12 81
48 13 15
48 14 65
48 15 49
48 16 82
48 17 61
48 18 55
48 19 19
48 20 7
48 21 31
48 22 23
48 23 76
48 24 21
48 25 12
48 26 77
48 27 9
48 28 12
48 29 89
48 30 8
48 31 84
48 32 39
48 33 29
48 34 54
48 35 94
48 36 83
48 37 48
48 38 95
48 39 56
48 40 11
48 41 25
48 42 67
48 43 63
48 44 59
48 45 72
48 46 47
48 47 92
48 48 21
48 49 72
48 50 82
48 51 7
48 52 95
48 53 40
48 54 50
48 55 8
48 56 12
48 57 73
48 58 55
48 59 36
48 60 58
49 1 9
49 2 37
49 3 21
49 4 67
49 5 73
49 6 12
49 7 10
49 8 45
49 9 30
49 10 85
49 11 62
49 12 30
49 13 31
49 14 18
49 15 61
49 16 43
49 17 34
49 18 4
49 19 82
49 20 44
49 21 56
49 22 27
49 23 38
49 24 15
49 25 56
49 26 86
49 27 65
49 28 35
49 29 85
49 30 6
49 31 44
49 32 16
49 33 28
49 34 66
49 35 51
49 36 16
49 37 33
49 38 47
49 39 92
49 40 43
49 41 20
49 42 36
49 43 66
49 44 28
49 45 82
49 46 61
49 47 57
49 48 15
49 49 47
49 50 55
49 51 53
49 52 12
49 53 46
49 54 45
49 55 40
49 56 85
49 57 23
49 58 39
49 59 16
49 60 10
50 1 72
50 2 40
50 3 35
50 4 84
50 5 76
50 6 28
50 7 62
50 8 96
50 9 13
50 10 64
50 11 6
50 12 90
50 13 18
50 14 37
50 15 59
50 16 50
50 17 48
50 18 30
50 19 66
50 20 40
50 21 70
50 22 90
50 23 92
50 24 40
50 25 66
50 26 40
50 27 66
50 28 62
50 29 48
50 30 32
50 31 28
50 32 59
50 33 97
50 34 68
50 35 87
50 36 44
50 37 96
50 38 19
50 39 90
50 40 81
50 41 5
50 42 16
50 43 42
50 44 33
50 45 89
50 46 1
50 47 35
50 48 51
50 49 37
50 50 58
50 51 79
50 52 66
50 53 79
50 54 71
50 55 35
50 56 4
50 57 29
50 58 61
50 59 95
50 60 31
51 1 3
51 2 13
51 3 70
51 4 18
51 5 64
51 6 92
51 7 57
51 8 59
51 9 45
51 10 12
51 11 24
51 12 98
51 13 91
51 14 96
51 15 20
51 16 49
51 17 64
51 18 56
51 19 88
51 20 93
51 21 96
51 22 69
51 23 66
51 24 23
51 25 62
51 26 26
51 27 72
51 28 37
51 29 35
51 30 3
51 31 36
51 32 12
51 33 22
51 34 48
51 35 13
51 36 27
51 37 16
51 38 12
51 39 75
51 40 75
51 41 91
51 42 45
51 43 3
51 44 35
51 45 42
51 46 48
51 47 83
51 48 49
51 49 33
51 50 58
51 51 17
51 52 46
51 53 14
51 54 86
51 55 71
51 56 23
51 57 23
51 58 56
51 59 43
51 60 28
52 1 74
52 2 3
52 3 19
52 4 57
52 5 8
52 6 25
52 7 28
52 8 34
52 9 33
52 10 22
52 11 51
52 12 24
52 13 22
52 14 30
52 15 18
52 16 35
52 17 19
52 18 57
52 19 5
52 20 76
52 21 54
52 22 76
52 23 16
52 24 87
52 25 14
52 26 26
52 27 17
52 28 62
52 29 76
52 30 33
52 31 41
52 32 28
52 33 28
52 34 45
52 35 5
52 36 53
52 37 23
52 38 49
52 39 89
52 40 96
52 41 36
52 42 10
52 43 68
52 44 16
52 45 35
52 46 49
52 47 12
52 48 1
52 49 68
52 50 56
52 51 80
52 52 10
52 53 49
52 54 5
52 55 87
52 56 4
52 57 62
52 58 1
52 59 99
52 60 20
53 1 54
53 2 97
53 3 9
53 4 41
53 5 62
53 6 60
53 7 80
53 8 17
53 9 95
53 10 50
53 11 73
53 12 78
53 13 83
53 14 62
53 15 89
53 16 45
53 17 42
53 18 52
53 19 80
53 20 92
53 21 30
53 22 23
53 23 36
53 24 57
53 25 1
53 26 56
53 27 31
53 28 85
53 29 63
53 30 17
53 31 96
53 32 58
53 33 1
53 34 60
53 35 42
53 36 31
53 37 36
53 38 24
53 39 56
53 40 98
53 41 18
53 42 75
53 43 56
53 44 52
53 45 76
53 46 58
53 47 52
53 48 91
53 49 70
53 50 61
53 51 68
53 52 28
53 53 30
53 54 78
53 55 22
53 56 61
53 57 60
53 58 62
53 59 50
53 60 37
54 1 59
54 2 77
54 3 57
54 4 19
54 5 75
54 6 5
54 7 87
54 8 22
54 9 94
54 10 55
54 11 74
54 12 83
54 13 46
54 14 91
54 15 17
54 16 97
54 17 50
54 18 74
54 19 71
54 20 16
54 21 62
54 22 69
54 23 74
54 24 83
54 25 85
54 26 92
54 27 15
54 28 96
54 29 40
54 30 77
54 31 50
54 32 64
54 33 33
54 34 81
54 35 11
54 36 32
54 37 51
54 38 82
54 39 44
54 40 90
54 41 75
54 42 21
54 43 97
54 44 87
54 45 1
54 46 89
54 47 34
54 48 4
54 49 81
54 50 80
54 51 39
54 52 60
54 53 71
54 54 38
54 55 47
54 56 92
54 57 1
54 58 78
54 59 21
54 60 72
55 1 18
55 2 75
55 3 35
55 4 86
55 5 5
55 6 22
55 7 61
55 8 5
55 9 14
55 10 16
55 11 61
55 12 77
55 13 2
55 14 31
55 15 21
55 16 60
55 17 64
55 18 76
55 19 91
55 20 64
55 21 87
55 22 43
55 23 21
55 24 51
55 25 67
55 26 99
55 27 87
55 28 45
55 29 69
55 30 93
55 31 68
55 32 28
55 33 34
55 34 49
55 35 13
55 36 28
55 37 36
55 38 87
55 39 89
55 40 32
55 41 66
55 42 96
55 43 41
55 44 74
55 45 87
55 46 43
55 47 61
55 48 83
55 49 87
55 50 82
55 51 70
55 52 83
55 53 22
55 54 23
55 55 62
55 56 98
55 57 33
55 58 57
55 59 47
55 60 91
56 1 76
56 2 42
56 3 17
56 4 38
56 5 94
56 6 15
56 7 92
56 8 19
56 9 26
56 10 61
56 11 53
56 12 87
56 13 22
56 14 90
56 15 36
56 16 38
56 17 37
56 18 57
56 19 66
56 20 72
56 21 80
56 22 55
56 23 57
56 24 73
56 25 79
56 26 76
56 27 84
56 28 93
56 29 65
56 30 84
56 31 32
56 32 39
56 33 93
56 34 74
56 35 48
56 36 8
56 37 68
56 38 5
56 39 85
56 40 2
56 41 12
56 42 24
56 43 86
56 44 32
56 45 12
56 46 28
56 47 51
56 48 76
56 49 40
56 50 21
56 51 6
56 52 74
56 53 22
56 54 67
56 55 37
56 56 51
56 57 91
56 58 57
56 59 84
56 60 12
57 1 75
57 2 25
57 3 95
57 4 52
57 5 81
57 6 83
57 7 74
57 8 78
57 9 89
57 10 75
57 11 3
57 12 24
57 13 71
57 14 50
57 15 99
57 16 4
57 17 77
57 18 15
57 19 43
57 20 59
57 21 78
57 22 27
57 23 79
57 24 71
57 25 51
57 26 7
57 27 98
57 28 46
57 29 31
57 30 12
57 31 37
57 32 10
57 33 89
57 34 92
57 35 45
57 36 52
57 37 91
57 38 11
57 39 31
57 40 20
57 41 56
57 42 2
57 43 58
57 44 40
57 45 22
57 46 9
57 47 81
57 48 29
57 49 77
57 50 25
57 51 19
57 52 13
57 53 23
57 54 12
57 55 13
57 56 74
57 57 72
57 58 83
57 59 30
57 60 91
58 1 10
58 2 81
58 3 91
58 4 28
58 5 46
58 6 71
58 7 40
58 8 22
58 9 62
58 10 40
58 11 81
58 12 38
58 13 28
58 14 78
58 15 67
58 16 16
58 17 19
58 18 65
58 19 94
58 20 13
58 21 81
58 22 2
58 23 38
58 24 23
58 25 31
58 26 59
58 27 57
58 28 32
58 29 55
58 30 31
58 31 24
58 32 30
58 33 76
58 34 6
58 35 76
58 36 90
58 37 97
58 38 16
58 39 89
58 40 97
58 41 23
58 42 4
58 43 17
58 44 70
58 45 32
58 46 23
58 47 47
58 48 21
58 49 55
58 50 81
58 51 79
58 52 46
58 53 77
58 54 61
58 55 12
58 56 29
58 57 52
58 58 97
58 59 90
58 60 23
59 1 31
59 2 96
59 3 71
59 4 12
59 5 20
59 6 18
59 7 93
59 8 4
59 9 14
59 10 51
59 11 56
59 12 75
59 13 91
59 14 75
59 15 53
59 16 87
59 17 58
59 18 70
59 19 15
59 20 35
59 21 67
59 22 12
59 23 53
59 24 1
59 25 62
59 26 86
59 27 3
59 28 33
59 29 23
59 30 98
59 31 18
59 32 57
59 33 98
59 34 55
59 35 68
59 36 95
59 37 70
59 38 45
59 39 26
59 40 54
59 41 75
59 42 71
59 43 53
59 44 11
59 45 74
59 46 77
59 47 33
59 48 91
59 49 60
59 50 77
59 51 91
59 52 45
59 53 26
59 54 8
59 55 10
59 56 31
59 57 51
59 58 34
59 59 25
59 60 92
60 1 69
60 2 83
60 3 71
60 4 81
60 5 17
60 6 95
60 7 9
60 8 47
60 9 93
60 10 13
60 11 27
60 12 16
60 13 77
60 14 44
60 15 44
60 16 14
60 17 67
60 18 75
60 19 27
60 20 20
60 21 54
60 22 21
60 23 98
60 24 47
60 25 43
60 26 17
60 27 19
60 28 77
60 29 71
60 30 30
60 31 43
60 32 23
60 33 8
60 34 15
60 35 9
60 36 72
60 37 12
60 38 31
60 39 90
60 40 40
60 41 95
60 42 39
60 43 33
60 44 41
60 45 30
60 46 3
60 47 47
60 48 54
60 49 55
60 50 82
60 51 31
60 52 41
60 53 25
60 54 97
60 55 58
60 56 42
60 57 70
60 58 79
60 59 27
60 60 58
61 1 65
61 2 69
61 3 75
61 4 96
61 5 42
61 6 3
61 7 14
61 8 40
61 9 71
61 10 94
61 11 13
61 12 56
61 13 23
61 14 39
61 15 52
61 16 69
61 17 56
61 18 55
61 19 29
61 20 60
61 21 12
61 22 55
61 23 68
61 24 57
61 25 16
61 26 25
61 27 96
61 28 41
61 29 96
61 30 34
61 31 57
61 32 78
61 33 86
61 34 19
61 35 89
61 36 46
61 37 65
61 38 1
61 39 97
61 40 28
61 41 50
61 42 37
61 43 75
61 44 83
61 45 60
61 46 22
61 47 72
61 48 19
61 49 93
61 50 76
61 51 10
61 52 16
61 53 1
61 54 95
61 55 87
61 56 2
61 57 38
61 58 41
61 59 38
61 60 63
62 1 52
62 2 13
62 3 10
62 4 24
62 5 8
62 6 16
62 7 8
62 8 59
62 9 60
62 10 10
62 11 99
62 12 12
62 13 63
62 14 32
62 15 81
62 16 22
62 17 29
62 18 93
62 19 55
62 20 93
62 21 95
62 22 15
62 23 60
62 24 64
62 25 72
62 26 51
62 27 65
62 28 43
62 29 66
62 30 4
62 31 11
62 32 34
62 33 5
62 34 43
62 35 61
62 36 64
62 37 10
62 38 65
62 39 99
62 40 83
62 41 97
62 42 75
62 43 82
62 44 1
62 45 93
62 46 73
62 47 33
62 48 74
62 49 94
62 50 53
62 51 42
62 52 78
62 53 27
62 54 85
62 55 4
62 56 6
62 57 70
62 58 15
62 59 5
62 60 80
63 1 38
63 2 92
63 3 45
63 4 86
63 5 60
63 6 48
63 7 64
63 8 52
63 9 93
63 10 45
63 11 89
63 12 24
63 13 40
63 14 88
63 15 37
63 16 36
63 17 85
63 18 73
63 19 35
63 20 54
63 21 56
63 22 98
63 23 47
63 24 42
63 25 68
63 26 77
63 27 13
63 28 1
63 29 22
63 30 26
63 31 33
63 32 47
63 33 55
63 34 4
63 35 70
63 36 64
63 37 66
63 38 46
63 39 49
63 40 21
63 41 68
63 42 4
63 43 53
63 44 42
63 45 36
63 46 83
63 47 81
63 48 91
63 49 48
63 50 67
63 51 94
63 52 81
63 53 56
63 54 19
63 55 64
63 56 37
63 57 13
63 58 47
63 59 15
63 60 63
64 1 49
64 2 66
64 3 7
64 4 10
64 5 84
64 6 58
64 7 21
64 8 15
64 9 8
64 10 50
64 11 20
64 12 89
64 13 62
64 14 57
64 15 17
64 16 58
64 17 24
64 18 44
64 19 59
64 20 75
64 21 55
64 22 8
64 23 21
64 24 86
64 25 73
64 26 1
64 27 63
64 28 95
64 29 69
64 30 23
64 31 86
64 32 69
64 33 58
64 34 67
64 35 9
64 36 65
64 37 57
64 38 94
64 39 28
64 40 97
64 41 9
64 42 71
64 43 61
64 44 58
64 45 15
64 46 95
64 47 57
64 48 52
64 49 32
64 50 94
64 51 40
64 52 26
64 53 44
64 54 70
64 55 23
64 56 4
64 57 27
64 58 27
64 59 89
64 60 36
65 1 59
65 2 4
65 3 57
65 4 49
65 5 48
65 6 2
65 7 47
65 8 46
65 9 65
65 10 73
65 11 30
65 12 76
65 13 33
65 14 12
65 15 31
65 16 11
65 17 80
65 18 76
65 19 6
65 20 57
65 21 77
65 22 8
65 23 23
65 24 18
65 25 16
65 26 49
65 27 12
65 28 77
65 29 74
65 30 73
65 31 65
65 32 57
65 33 20
65 34 57
65 35 7
65 36 93
65 37 4
65 38 89
65 39 57
65 40 16
65 41 70
65 42 72
65 43 62
65 44 25
65 45 81
65 46 73
65 47 65
65 48 12
65 49 26
65 50 28
65 51 43
65 52 68
65 53 65
65 54 1
65 55 30
65 56 56
65 57 36
65 58 60
65 59 99
65 60 60
66 1 13
66 2 13
66 3 89
66 4 42
66 5 99
66 6 23
66 7 67
66 8 50
66 9 2
66 10 94
66 11 2
66 12 72
66 13 92
66 14 93
66 15 63
66 16 23
66 17 97
66 18 48
66 19 76
66 20 13
66 21 35
66 22 50
66 23 2
66 24 38
66 25 91
66 26 37
66 27 12
66 28 79
66 29 35
66 30 38
66 31 3
66 32 12
66 33 79
66 34 13
66 35 38
66 36 56
66 37 65
66 38 10
66 39 23
66 40 25
66 41 6
66 42 28
66 43 68
66 44 45
66 45 19
66 46 57
66 47 74
66 48 59
66 49 61
66 50 29
66 51 53
66 52 43
66 53 5
66 54 13
66 55 65
66 56 73
66 57 40
66 58 23
66 59 44
66 60 57
67 1 5
67 2 38
67 3 36
67 4 98
67 5 48
67 6 36
67 7 62
67 8 47
67 9 93
67 10 97
67 11 9
67 12 79
67 13 69
67 14 46
67 15 71
67 16 95
67 17 1
67 18 4
67 19 37
67 20 32
67 21 91
67 22 1
67 23 61
67 24 18
67 25 43
67 26 53
67 27 71
67 28 43
67 29 83
67 30 13
67 31 32
67 32 95
67 33 6
67 34 37
67 35 17
67 36 97
67 37 33
67 38 41
67 39 92
67 40 47
67 41 77
67 42 36
67 43 10
67 44 36
67 45 36
67 46 48
67 47 54
67 48 21
67 49 52
67 50 95
67 51 94
67 52 43
67 53 48
67 54 43
67 55 42
67 56 36
67 57 76
67 58 84
67 59 7
67 60 71
68 1 84
68 2 5
68 3 5
68 4 31
68 5 56
68 6 31
68 7 65
68 8 90
68 9 87
68 10 81
68 11 33
68 12 68
68 13 24
68 14 44
68 15 67
68 16 73
68 17 37
68 18 80
68 19 83
68 20 49
68 21 53
68 22 12
68 23 91
68 24 7
68 25 27
68 26 34
68 27 15
68 28 75
68 29 43
68 30 84
68 31 11
68 32 42
68 33 94
68 34 42
68 35 18
68 36 33
68 37 45
68 38 37
68 39 1
68 40 69
68 41 5
68 42 6
68 43 65
68 44 8
68 45 52
68 46 15
68 47 68
68 48 27
68 49 93
68 50 36
68 51 55
68 52 41
68 53 45
68 54 56
68 55 75
68 56 41
68 57 67
68 58 44
68 59 74
68 60 1
69 1 95
69 2 5
69 3 73
69 4 94
69 5 53
69 6 14
69 7 56
69 8 3
69 9 21
69 10 91
69 11 46
69 12 32
69 13 15
69 14 58
69 15 48
69 16 46
69 17 97
69 18 7
69 19 56
69 20 92
69 21 15
69 22 49
69 23 89
69 24 89
69 25 36
69 26 51
69 27 92
69 28 74
69 29 43
69 30 40
69 31 92
69 32 58
69 33 1
69 34 66
69 35 37
69 36 27
69 37 90
69 38 55
69 39 27
69 40 77
69 41 97
69 42 51
69 43 26
69 44 85
69 45 88
69 46 78
69 47 16
69 48 44
69 49 10
69 50 51
69 51 22
69 52 23
69 53 1
69 54 5
69 55 35
69 56 23
69 57 96
69 58 37
69 59 93
69 60 42
70 1 70
70 2 84
70 3 17
70 4 74
70 5 39
70 6 61
70 7 95
70 8 96
70 9 24
70 10 46
70 11 68
70 12 25
70 13 53
70 14 95
70 15 64
70 16 44
70 17 35
70 18 2
70 19 81
70 20 48
70 21 51
70 22 51
70 23 12
70 24 27
70 25 38
70 26 28
70 27 65
70 28 98
70 29 61
70 30 78
70 31 29
70 32 87
70 33 2
70 34 34
70 35 73
70 36 63
70 37 5
70 38 49
70 39 93
70 40 18
70 41 62
70 42 11
70 43 41
70 44 44
70 45 30
70 46 20
70 47 89
70 48 30
70 49 4
70 50 57
70 51 32
70 52 85
70 53 97
70 54 76
70 55 22
70 56 72
70 57 4
70 58 91
70 59 82
70 60 12
71 1 30
71 2 57
71 3 53
71 4 62
71 5 32
71 6 42
71 7 62
71 8 17
71 9 8
71 10 63
71 11 30
71 12 60
71 13 1
71 14 20
71 15 37
71 16 71
71 17 34
71 18 45
71 19 28
71 20 73
71 21 81
71 22 71
71 23 32
71 24 66
71 25 41
71 26 70
71 27 98
71 28 85
71 29 65
71 30 16
71 31 13
71 32 85
71 33 64
71 34 77
71 35 18
71 36 25
71 37 92
71 38 57
71 39 62
71 40 14
71 41 70
71 42 6
71 43 51
71 44 56
71 45 27
71 46 89
71 47 69
71 48 72
71 49 35
71 50 8
71 51 12
71 52 12
71 53 94
71 54 64
71 55 23
71 56 84
71 57 85
71 58 44
71 59 42
71 60 50
72 1 77
72 2 61
72 3 11
72 4 77
72 5 93
72 6 62
72 7 81
72 8 41
72 9 54
72 10 23
72 11 27
72 12 13
72 13 30
72 14 48
72 15 57
72 16 90
72 17 14
72 18 79
72 19 81
72 20 45
72 21 68
72 22 67
72 23 72
72 24 91
72 25 11
72 26 52
72 27 23
72 28 16
72 29 51
72 30 82
72 31 3
72 32 8
72 33 83
72 34 38
72 35 58
72 36 80
72 37 9
72 38 57
72 39 99
72 40 87
72 41 27
72 42 76
72 43 87
72 44 58
72 45 38
72 46 35
72 47 1
72 48 11
72 49 25
72 50 96
72 51 43
72 52 23
72 53 31
72 54 3
72 55 42
72 56 65
72 57 32
72 58 46
72 59 25
72 60 21
73 1 69
73 2 36
73 3 82
73 4 56
73 5 17
73 6 99
73 7 60
73 8 16
73 9 64
73 10 24
73 11 33
73 12 45
73 13 61
73 14 53
73 15 53
73 16 73
73 17 58
73 18 77
73 19 84
73 20 19
73 21 15
73 22 92
73 23 48
73 24 71
73 25 86
73 26 14
73 27 56
73 28 94
73 29 4
73 30 53
73 31 2
73 32 40
73 33 89
73 34 29
73 35 37
73 36 54
73 37 1
73 38 45
73 39 52
73 40 42
73 41 79
73 42 49
73 43 40
73 44 4
73 45 45
73 46 81
73 47 6
73 48 69
73 49 70
73 50 60
73 51 62
73 52 75
73 53 24
73 54 65
73 55 20
73 56 87
73 57 61
73 58 20
73 59 50
73 60 49
74 1 9
74 2 74
74 3 99
74 4 99
74 5 71
74 6 55
74 7 69
74 8 15
74 9 46
74 10 20
74 11 94
74 12 46
74 13 38
74 14 37
74 15 83
74 16 62
74 17 5
74 18 86
74 19 8
74 20 34
74 21 69
74 22 36
74 23 42
74 24 99
74 25 83
74 26 55
74 27 7
74 28 2
74 29 45
74 30 61
74 31 63
74 32 5
74 33 69
74 34 9
74 35 42
74 36 6
74 37 90
74 38 78
74 39 38
74 40 12
74 41 53
74 42 14
74 43 73
74 44 51
74 45 88
74 46 13
74 47 28
74 48 27
74 49 9
74 50 88
74 51 95
74 52 44
74 53 59
74 54 30
74 55 79
74 56 67
74 57 15
74 58 51
74 59 83
74 60 77
75 1 92
75 2 98
75 3 34
75 4 46
75 5 45
75 6 48
75 7 32
75 8 49
75 9 37
75 10 33
75 11 50
75 12 75
75 13 13
75 14 60
75 15 2
75 16 13
75 17 42
75 18 22
75 19 38
75 20 10
75 21 60
75 22 2
75 23 83
75 24 55
75 25 64
75 26 36
75 27 85
75 28 14
75 29 25
75 30 85
75 31 53
75 32 12
75 33 23
75 34 12
75 35 3
75 36 66
75 37 38
75 38 79
75 39 44
75 40 4
75 41 13
75 42 23
75 43 68
75 44 93
75 45 2
75 46 42
75 47 21
75 48 17
75 49 73
75 50 31
75 51 81
75 52 34
75 53 7
75 54 38
75 55 61
75 56 8
75 57 19
75 58 20
75 59 21
75 60 31
76 1 13
76 2 36
76 3 42
76 4 32
76 5 19
76 6 3
76 7 14
76 8 66
76 9 85
76 10 87
76 11 33
76 12 24
76 13 36
76 14 23
76 15 3
76 16 13
76 17 88
76 18 83
76 19 96
76 20 85
76 21 23
76 22 25
76 23 25
76 24 27
76 25 29
76 26 3
76 27 96
76 28 22
76 29 72
76 30 14
76 31 97
76 32 68
76 33 65
76 34 27
76 35 6
76 36 3
76 37 27
76 38 92
76 39 11
76 40 53
76 41 67
76 42 49
76 43 28
76 44 50
76 45 39
76 46 79
76 47 16
76 48 36
76 49 30
76 50 57
76 51 23
76 52 71
76 53 94
76 54 12
76 55 39
76 56 27
76 57 51
76 58 97
76 59 33
76 60 6
77 1 88
77 2 26
77 3 80
77 4 34
77 5 60
77 6 27
77 7 27
77 8 16
77 9 57
77 10 23
77 11 38
77 12 43
77 13 98
77 14 40
77 15 38
77 16 4
77 17 66
77 18 7
77 19 24
77 20 26
77 21 71
77 22 77
77 23 18
77 24 60
77 25 56
77 26 17
77 27 94
77 28 78
77 29 35
77 30 18
77 31 89
77 32 45
77 33 45
77 34 31
77 35 84
77 36 93
77 37 61
77 38 50
77 39 12
77 40 99
77 41 85
77 42 55
77 43 44
77 44 60
77 45 38
77 46 29
77 47 45
77 48 88
77 49 77
77 50 90
77 51 93
77 52 2
77 53 48
77 54 8
77 55 29
77 56 70
77 57 39
77 58 87
77 59 66
77 60 35
78 1 82
78 2 56
78 3 64
78 4 13
78 5 34
78 6 74
78 7 76
78 8 69
78 9 23
78 10 55
78 11 95
78 12 16
78 13 51
78 14 71
78 15 77
78 16 36
78 17 80
78 18 79
78 19 9
78 20 91
78 21 47
78 22 87
78 23 41
78 24 40
78 25 84
78 26 54
78 27 30
78 28 55
78 29 40
78 30 91
78 31 28
78 32 55
78 33 31
78 34 99
78 35 30
78 36 60
78 37 60
78 38 72
78 39 75
78 40 44
78 41 88
78 42 47
78 43 40
78 44 56
78 45 56
78 46 76
78 47 89
78 48 10
78 49 59
78 50 52
78 51 66
78 52 83
78 53 63
78 54 24
78 55 37
78 56 76
78 57 92
78 58 70
78 59 18
78 60 98
79 1 19
79 2 17
79 3 55
79 4 9
79 5 61
79 6 30
79 7 36
79 8 25
79 9 43
79 10 13
79 11 52
79 12 56
79 13 92
79 14 76
79 15 32
79 16 46
79 17 67
79 18 90
79 19 30
79 20 28
79 21 49
79 22 2
79 23 31
79 24 17
79 25 26
79 26 97
79 27 3
79 28 4
79 29 74
79 30 53
79 31 21
79 32 17
79 33 99
79 34 71
79 35 26
79 36 72
79 37 91
79 38 27
79 39 10
79 40 27
79 41 18
79 42 50
79 43 28
79 44 3
79 45 54
79 46 38
79 47 86
79 48 46
79 49 18
79 50 57
79 51 54
79 52 47
79 53 61
79 54 78
79 55 91
79 56 28
79 57 53
79 58 73
79 59 11
79 60 72
80 1 22
80 2 45
80 3 90
80 4 61
80 5 70
80 6 83
80 7 20
80 8 28
80 9 77
80 10 61
80 11 52
80 12 67
80 13 33
80 14 14
80 15 76
80 16 37
80 17 84
80 18 73
80 19 44
80 20 46
80 21 1
80 22 42
80 23 16
80 24 29
80 25 48
80 26 29
80 27 15
80 28 35
80 29 73
80 30 89
80 31 84
80 32 91
80 33 14
80 34 35
80 35 5
80 36 14
80 37 83
80 38 2
80 39 18
80 40 68
80 41 17
80 42 3
80 43 45
80 44 32
80 45 48
80 46 1
80 47 23
80 48 73
80 49 84
80 50 67
80 51 71
80 52 71
80 53 75
80 54 27
80 55 73
80 56 44
80 57 2
80 58 92
80 59 44
80 60 39
81 1 31
81 2 54
81 3 1
81 4 28
81 5 22
81 6 56
81 7 71
81 8 90
81 9 55
81 10 94
81 11 2
81 12 93
81 13 44
81 14 15
81 15 43
81 16 87
81 17 41
81 18 78
81 19 43
81 20 80
81 21 42
81 22 52
81 23 63
81 24 78
81 25 66
81 26 16
81 27 83
81 28 71
81 29 49
81 30 8
81 31 97
81 32 24
81 33 84
81 34 45
81 35 86
81 36 5
81 37 2
81 38 88
81 39 22
81 40 41
81 41 65
81 42 52
81 43 55
81 44 11
81 45 33
81 46 56
81 47 78
81 48 84
81 49 2
81 50 84
81 51 66
81 52 87
81 53 35
81 54 4
81 55 39
81 56 57
81 57 61
81 58 35
81 59 6
81 60 97
82 1 61
82 2 6
82 3 71
82 4 57
82 5 6
82 6 10
82 7 20
82 8 4
82 9 2
82 10 55
82 11 15
82 12 46
82 13 59
82 14 83
82 15 65
82 16 35
82 17 98
82 18 81
82 19 62
82 20 57
82 21 34
82 22 29
82 23 71
82 24 79
82 25 30
82 26 44
82 27 47
82 28 32
82 29 10
82 30 27
82 31 3
82 32 16
82 33 46
82 34 12
82 35 38
82 36 88
82 37 81
82 38 68
82 39 32
82 40 65
82 41 58
82 42 27
82 43 35
82 44 19
82 45 45
82 46 20
82 47 18
82 48 88
82 49 91
82 50 41
82 51 78
82 52 21
82 53 55
82 54 88
82 55 89
82 56 1
82 57 83
82 58 40
82 59 61
82 60 56
83 1 29
83 2 59
83 3 37
83 4 28
83 5 49
83 6 50
83 7 47
83 8 50
83 9 12
83 10 8
83 11 6
83 12 87
83 13 97
83 14 18
83 15 94
83 16 8
83 17 95
83 18 9
83 19 3
83 20 3
83 21 5
83 22 78
83 23 89
83 24 74
83 25 99
83 26 14
83 27 5
83 28 53
83 29 40
83 30 6
83 31 80
83 32 20
83 33 97
83 34 15
83 35 72
83 36 45
83 37 57
83 38 38
83 39 24
83 40 58
83 41 10
83 42 88
83 43 72
83 44 25
83 45 33
83 46 87
83 47 33
83 48 92
83 49 47
83 50 24
83 51 9
83 52 17
83 53 67
83 54 34
83 55 35
83 56 1
83 57 13
83 58 24
83 59 49
83 60 94
84 1 34
84 2 97
84 3 32
84 4 44
84 5 60
84 6 2
84 7 74
84 8 82
84 9 95
84 10 87
84 11 69
84 12 9
84 13 6
84 14 41
84 15 20
84 16 90
84 17 69
84 18 42
84 19 14
84 20 84
84 21 99
84 22 53
84 23 28
84 24 76
84 25 50
84 26 45
84 27 30
84 28 63
84 29 54
84 30 8
84 31 11
84 32 43
84 33 87
84 34 19
84 35 69
84 36 81
84 37 23
84 38 43
84 39 13
84 40 68
84 41 28
84 42 7
84 43 64
84 44 85
84 45 40
84 46 63
84 47 82
84 48 56
84 49 98
84 50 33
84 51 30
84 52 30
84 53 19
84 54 11
84 55 54
84 56 36
84 57 61
84 58 41
84 59 66
84 60 10
85 1 99
85 2 27
85 3 26
85 4 74
85 5 15
85 6 19
85 7 71
85 8 21
85 9 59
85 10 88
85 11 54
85 12 33
85 13 57
85 14 1
85 15 63
85 16 51
85 17 71
85 18 26
85 19 50
85 20 51
85 21 2
85 22 55
85 23 98
85 24 8
85 25 34
85 26 25
85 27 82
85 28 57
85 29 48
85 30 48
85 31 13
85 32 71
85 33 38
85 34 10
85 35 83
85 36 19
85 37 16
85 38 89
85 39 46
85 40 80
85 41 4
85 42 2
85 43 70
85 44 19
85 45 27
85 46 67
85 47 96
85 48 52
85 49 69
85 50 69
85 51 62
85 52 60
85 53 50
85 54 51
85 55 65
85 56 28
85 57 37
85 58 50
85 59 9
85 60 11
86 1 98
86 2 88
86 3 14
86 4 59
86 5 70
86 6 58
86 7 25
86 8 70
86 9 80
86 10 72
86 11 26
86 12 13
86 13 56
86 14 71
86 15 34
86 16 74
86 17 18
86 18 1
86 19 74
86 20 17
86 21 19
86 22 6
86 23 10
86 24 30
86 25 5
86 26 8
86 27 1
86 28 35
86 29 84
86 30 57
86 31 31
86 32 73
86 33 37
86 34 78
86 35 92
86 36 71
86 37 14
86 38 42
86 39 43
86 40 74
86 41 89
86 42 50
86 43 69
86 44 5
86 45 82
86 46 5
86 47 19
86 48 56
86 49 49
86 50 91
86 51 80
86 52 60
86 53 18
86 54 15
86 55 36
86 56 61
86 57 13
86 58 55
86 59 3
86 60 6
87 1 97
87 2 39
87 3 49
87 4 31
87 5 30
87 6 30
87 7 46
87 8 84
87 9 99
87 10 4
87 11 79
87 12 38
87 13 10
87 14 54
87 15 64
87 16 72
87 17 8
87 18 29
87 19 99
87 20 29
87 21 82
87 22 22
87 23 77
87 24 74
87 25 79
87 26 47
87 27 35
87 28 14
87 29 14
87 30 73
87 31 96
87 32 49
87 33 62
87 34 8
87 35 65
87 36 77
87 37 80
87 38 51
87 39 49
87 40 61
87 41 72
87 42 54
87 43 31
87 44 26
87 45 1
87 46 57
87 47 22
87 48 67
87 49 27
87 50 91
87 51 53
87 52 65
87 53 15
87 54 75
87 55 4
87 56 40
87 57 31
87 58 27
87 59 54
87 60 8
88 1 33
88 2 83
88 3 32
88 4 8
88 5 27
88 6 97
88 7 80
88 8 13
88 9 32
88 10 45
88 11 53
88 12 45
88 13 91
88 14 76
88 15 44
88 16 59
88 17 7
88 18 81
88 19 82
88 20 74
88 21 94
88 22 61
88 23 59
88 24 43
88 25 83
88 26 25
88 27 71
88 28 15
88 29 14
88 30 44
88 31 89
88 32 17
88 33 88
88 34 53
88 35 86
88 36 57
88 37 6
88 38 60
88 39 99
88 40 47
88 41 66
88 42 9
88 43 86
88 44 63
88 45 29
88 46 21
88 47 17
88 48 18
88 49 65
88 50 91
88 51 11
88 52 9
88 53 31
88 54 27
88 55 96
88 56 53
88 57 67
88 58 41
88 59 74
88 60 45
89 1 81
89 2 62
89 3 90
89 4 75
89 5 84
89 6 96
89 7 65
89 8 5
89 9 74
89 10 70
89 11 29
89 12 96
89 13 5
89 14 36
89 15 53
89 16 27
89 17 72
89 18 11
89 19 1
89 20 39
89 21 99
89 22 98
89 23 1
89 24 20
89 25 20
89 26 95
89 27 47
89 28 88
89 29 79
89 30 91
89 31 78
89 32 55
89 33 4
89 34 13
89 35 59
89 36 73
89 37 15
89 38 72
89 39 98
89 40 91
89 41 74
89 42 22
89 43 74
89 44 85
89 45 8
89 46 16
89 47 35
89 48 27
89 49 23
89 50 39
89 51 94
89 52 19
89 53 24
89 54 59
89 55 69
89 56 90
89 57 11
89 58 98
89 59 94
89 60 54
90 1 75
90 2 37
90 3 30
90 4 55
90 5 64
90 6 99
90 7 46
90 8 62
90 9 62
90 10 84
90 11 43
90 12 90
90 13 13
90 14 29
90 15 47
90 16 46
90 17 74
90 18 32
90 19 88
90 20 40
90 21 94
90 22 68
90 23 54
90 24 9
90 25 42
90 26 75
90 27 63
90 28 35
90 29 16
90 30 84
90 31 24
90 32 61
90 33 50
90 34 35
90 35 48
90 36 36
90 37 59
90 38 96
90 39 57
90 40 48
90 41 1
90 42 82
90 43 83
90 44 9
90 45 56
90 46 27
90 47 57
90 48 19
90 49 43
90 50 63
90 51 49
90 52 24
90 53 18
90 54 33
90 55 83
90 56 21
90 57 45
90 58 93
90 59 55
90 60 2
91 1 11
91 2 23
91 3 20
91 4 28
91 5 35
91 6 35
91 7 31
91 8 74
91 9 99
91 10 46
91 11 46
91 12 94
91 13 91
91 14 59
91 15 29
91 16 84
91 17 41
91 18 69
91 19 15
91 20 52
91 21 90
91 22 85
91 23 26
91 24 21
91 25 36
91 26 36
91 27 37
91 28 24
91 29 14
91 30 6
91 31 42
91 32 71
91 33 37
91 34 5
91 35 71
91 36 81
91 37 3
91 38 86
91 39 53
91 40 26
91 41 12
91 42 62
91 43 21
91 44 26
91 45 83
91 46 56
91 47 17
91 48 91
91 49 63
91 50 32
91 51 36
91 52 2
91 53 35
91 54 68
91 55 8
91 56 53
91 57 6
91 58 52
91 59 25
91 60 44
92 1 18
92 2 50
92 3 50
92 4 57
92 5 98
92 6 39
92 7 68
92 8 57
92 9 65
92 10 32
92 11 63
92 12 32
92 13 35
92 14 29
92 15 40
92 16 21
92 17 18
92 18 58
92 19 11
92 20 33
92 21 84
92 22 11
92 23 35
92 24 30
92 25 30
92 26 76
92 27 58
92 28 28
92 29 98
92 30 25
92 31 6
92 32 65
92 33 18
92 34 9
92 35 32
92 36 5
92 37 64
92 38 56
92 39 1
92 40 97
92 41 70
92 42 9
92 43 90
92 44 15
92 45 22
92 46 3
92 47 13
92 48 20
92 49 23
92 50 96
92 51 2
92 52 47
92 53 31
92 54 22
92 55 28
92 56 10
92 57 72
92 58 70
92 59 17
92 60 36
93 1 99
93 2 70
93 3 89
93 4 30
93 5 60
93 6 10
93 7 63
93 8 94
93 9 67
93 10 10
93 11 62
93 12 52
93 13 10
93 14 50
93 15 38
93 16 81
93 17 40
93 18 6
93 19 2
93 20 17
93 21 16
93 22 45
93 23 5
93 24 5
93 25 91
93 26 1
93 27 34
93 28 20
93 29 93
93 30 7
93 31 1
93 32 49
93 33 9
93 34 71
93 35 40
93 36 38
93 37 82
93 38 27
93 39 51
93 40 37
93 41 3
93 42 68
93 43 46
93 44 79
93 45 10
93 46 84
93 47 85
93 48 20
93 49 71
93 50 34
93 51 20
93 52 66
93 53 3
93 54 27
93 55 63
93 56 9
93 57 21
93 58 4
93 59 72
93 60 47
94 1 67
94 2 36
94 3 5
94 4 23
94 5 40
94 6 84
94 7 70
94 8 48
94 9 12
94 10 79
94 11 27
94 12 76
94 13 33
94 14 26
94 15 49
94 16 46
94 17 38
94 18 37
94 19 90
94 20 3
94 21 12
94 22 54
94 23 32
94 24 79
94 25 81
94 26 7
94 27 48
94 28 95
94 29 37
94 30 8
94 31 66
94 32 86
94 33 6
94 34 6
94 35 97
94 36 93
94 37 20
94 38 36
94 39 47
94 40 74
94 41 63
94 42 32
94 43 47
94 44 92
94 45 82
94 46 92
94 47 66
94 48 25
94 49 2
94 50 25
94 51 86
94 52 83
94 53 70
94 54 2
94 55 55
94 56 27
94 57 34
94 58 98
94 59 54
94 60 33
95 1 21
95 2 11
95 3 37
95 4 40
95 5 59
95 6 56
95 7 26
95 8 84
95 9 90
95 10 21
95 11 86
95 12 90
95 13 40
95 14 91
95 15 98
95 16 93
95 17 41
95 18 1
95 19 98
95 20 97
95 21 46
95 22 63
95 23 82
95 24 1
95 25 71
95 26 81
95 27 56
95 28 36
95 29 37
95 30 57
95 31 5
95 32 24
95 33 19
95 34 29
95 35 9
95 36 20
95 37 18
95 38 26
95 39 14
95 40 97
95 41 9
95 42 5
95 43 58
95 44 28
95 45 37
95 46 16
95 47 89
95 48 23
95 49 60
95 50 4
95 51 46
95 52 54
95 53 54
95 54 63
95 55 65
95 56 72
95 57 51
95 58 70
95 59 56
95 60 90
96 1 52
96 2 85
96 3 50
96 4 3
96 5 41
96 6 1
96 7 10
96 8 43
96 9 10
96 10 47
96 11 61
96 12 20
96 13 43
96 14 26
96 15 81
96 16 76
96 17 36
96 18 3
96 19 60
96 20 58
96 21 57
96 22 74
96 23 10
96 24 91
96 25 51
96 26 28
96 27 98
96 28 3
96 29 63
96 30 16
96 31 24
96 32 34
96 33 32
96 34 33
96 35 65
96 36 36
96 37 62
96 38 83
96 39 65
96 40 36
96 41 5
96 42 47
96 43 43
96 44 20
96 45 77
96 46 90
96 47 28
96 48 81
96 49 10
96 50 97
96 51 73
96 52 6
96 53 14
96 54 6
96 55 94
96 56 14
96 57 99
96 58 59
96 59 22
96 60 76
97 1 73
97 2 34
97 3 83
97 4 67
97 5 16
97 6 90
97 7 52
97 8 25
97 9 20
97 10 57
97 11 7
97 12 32
97 13 10
97 14 49
97 15 14
97 16 51
97 17 10
97 18 75
97 19 23
97 20 48
97 21 17
97 22 92
97 23 21
97 24 9
97 25 75
97 26 12
97 27 4
97 28 35
97 29 99
97 30 52
97 31 50
97 32 64
97 33 60
97 34 12
97 35 10
97 36 49
97 37 37
97 38 96
97 39 42
97 40 1
97 41 16
97 42 19
97 43 64
97 44 74
97 45 69
97 46 72
97 47 3
97 48 48
97 49 53
97 50 28
97 51 39
97 52 39
97 53 8
97 54 23
97 55 19
97 56 40
97 57 51
97 58 25
97 59 45
97 60 75
98 1 93
98 2 98
98 3 77
98 4 15
98 5 19
98 6 9
98 7 27
98 8 95
98 9 12
98 10 36
98 11 88
98 12 31
98 13 17
98 14 88
98 15 70
98 16 11
98 17 69
98 18 29
98 19 15
98 20 27
98 21 33
98 22 66
98 23 5
98 24 75
98 25 22
98 26 69
98 27 12
98 28 9
98 29 14
98 30 1
98 31 27
98 32 63
98 33 60
98 34 83
98 35 73
98 36 64
98 37 57
98 38 52
98 39 14
98 40 80
98 41 50
98 42 38
98 43 74
98 44 13
98 45 53
98 46 5
98 47 58
98 48 99
98 49 35
98 50 29
98 51 33
98 52 90
98 53 88
98 54 78
98 55 97
98 56 33
98 57 86
98 58 59
98 59 71
98 60 53
99 1 2
99 2 13
99 3 58
99 4 36
99 5 18
99 6 90
99 7 82
99 8 28
99 9 97
99 10 39
99 11 97
99 12 37
99 13 49
99 14 74
99 15 9
99 16 79
99 17 20
99 18 27
99 19 64
99 20 7
99 21 29
99 22 76
99 23 17
99 24 21
99 25 75
99 26 23
99 27 47
99 28 50
99 29 19
99 30 64
99 31 92
99 32 48
99 33 15
99 34 56
99 35 50
99 36 35
99 37 26
99 38 94
99 39 29
99 40 7
99 41 75
99 42 39
99 43 61
99 44 53
99 45 94
99 46 67
99 47 26
99 48 93
99 49 75
99 50 36
99 51 25
99 52 4
99 53 53
99 54 71
99 55 3
99 56 84
99 57 60
99 58 29
99 59 34
99 60 19
100 1 25
100 2 2
100 3 1
100 4 96
100 5 20
100 6 47
100 7 17
100 8 15
100 9 81
100 10 69
100 11 10
100 12 82
100 13 42
100 14 90
100 15 34
100 16 77
100 17 62
100 18 80
100 19 89
100 20 52
100 21 41
100 22 32
100 23 79
100 24 71
100 25 50
100 26 8
100 27 2
100 28 29
100 29 28
100 30 94
100 31 92
100 32 90
100 33 99
100 34 34
100 35 45
100 36 38
100 37 46
100 38 19
100 39 72
100 40 35
100 41 19
100 42 81
100 43 2
100 44 21
100 45 61
100 46 4
100 47 1
100 48 16
100 49 17
100 50 24
100 51 86
100 52 85
100 53 4
100 54 35
100 55 67
100 56 99
100 57 1
100 58 77
100 59 3
100 60 88
;