Execution: 0 Seed: 0
Final solution and makespan:
[42, 78, 35, 16, 13, 19, 80, 21, 28, 53, 25, 99, 49, 3, 2, 83, 72, 39, 95, 33, 85, 60, 14, 91, 55, 52, 18, 45, 76, 77, 54, 15, 7, 4, 92, 24, 22, 10, 66, 48, 75, 87, 93, 94, 73, 43, 44, 26, 0, 70, 38, 90, 65, 5, 96, 36, 37, 57, 31, 61, 6, 98, 9, 97, 62, 8, 68, 40, 51, 56, 23, 17, 81, 79, 27, 50, 69, 34, 89, 71, 41, 63, 12, 30, 32, 47, 20, 59, 58, 74, 86, 46, 82, 1, 88, 67, 29, 64, 11, 84]
10776
Execution time: 102.87518644332886

Execution: 1 Seed: 1
Final solution and makespan:
[88, 76, 81, 66, 40, 21, 6, 10, 9, 91, 95, 43, 37, 52, 53, 56, 11, 94, 26, 97, 85, 90, 16, 71, 44, 48, 55, 7, 84, 82, 57, 58, 89, 49, 2, 51, 42, 12, 14, 4, 67, 39, 80, 70, 22, 32, 92, 18, 73, 20, 72, 47, 69, 64, 29, 78, 33, 34, 3, 35, 93, 17, 28, 30, 74, 38, 50, 1, 5, 75, 68, 46, 0, 60, 87, 54, 27, 86, 98, 61, 99, 63, 8, 31, 19, 13, 15, 96, 62, 36, 83, 25, 41, 79, 24, 23, 59, 77, 65, 45]
10794
Execution time: 106.0794289112091

Execution: 2 Seed: 2
Final solution and makespan:
[84, 17, 54, 72, 31, 95, 43, 86, 94, 59, 41, 38, 28, 57, 0, 50, 22, 46, 2, 24, 89, 64, 15, 88, 83, 62, 51, 5, 36, 49, 39, 14, 18, 47, 48, 1, 13, 63, 35, 56, 52, 71, 9, 7, 68, 16, 25, 66, 91, 30, 34, 19, 85, 82, 4, 74, 87, 80, 61, 10, 3, 27, 99, 6, 75, 53, 79, 42, 69, 37, 55, 96, 92, 76, 26, 65, 97, 90, 23, 60, 44, 29, 32, 93, 20, 33, 40, 73, 21, 45, 67, 70, 98, 77, 78, 58, 11, 81, 8, 12]
10778
Execution time: 107.58421587944031

Execution: 3 Seed: 3