Execution: 0 Seed: 0
Final solution and makespan:
[429, 128, 153, 434, 400, 172, 13, 60, 559, 477, 426, 315, 142, 57, 369, 112, 256, 593, 150, 102, 101, 7, 435, 154, 31, 549, 19, 361, 540, 52, 159, 412, 54, 379, 476, 192, 254, 345, 95, 220, 442, 270, 545, 378, 505, 32, 0, 325, 354, 448, 144, 93, 414, 228, 520, 40, 111, 308, 283, 463, 77, 424, 323, 480, 493, 248, 541, 242, 391, 589, 174, 523, 561, 114, 225, 70, 180, 490, 96, 572, 247, 359, 588, 596, 470, 10, 553, 51, 78, 217, 328, 474, 58, 503, 539, 586, 479, 166, 279, 41, 137, 399, 191, 171, 461, 132, 126, 554, 85, 481, 176, 2, 186, 309, 329, 370, 230, 219, 410, 11, 432, 438, 103, 486, 552, 324, 313, 418, 437, 17, 465, 558, 578, 84, 37, 471, 526, 109, 173, 43, 454, 42, 492, 310, 517, 113, 221, 212, 330, 170, 238, 497, 1, 210, 246, 245, 127, 446, 59, 525, 14, 598, 312, 27, 61, 355, 136, 403, 35, 340, 455, 515, 508, 475, 573, 301, 425, 189, 46, 20, 368, 353, 223, 456, 160, 148, 483, 445, 158, 557, 86, 326, 141, 104, 290, 522, 39, 177, 81, 278, 146, 271, 237, 200, 597, 297, 499, 89, 227, 261, 466, 565, 590, 244, 3, 75, 511, 198, 151, 397, 327, 339, 484, 8, 28, 460, 292, 473, 69, 291, 338, 194, 33, 163, 260, 211, 319, 18, 547, 468, 457, 67, 529, 576, 183, 443, 394, 66, 156, 76, 373, 401, 305, 44, 548, 71, 516, 188, 512, 87, 567, 90, 350, 82, 304, 16, 122, 591, 108, 334, 117, 121, 99, 536, 352, 206, 265, 502, 453, 282, 25, 444, 45, 566, 506, 235, 125, 348, 528, 366, 459, 524, 544, 241, 335, 236, 56, 396, 494, 143, 513, 535, 472, 580, 203, 218, 149, 140, 420, 452, 131, 68, 267, 110, 469, 421, 6, 9, 293, 574, 105, 213, 208, 26, 579, 518, 106, 582, 155, 595, 72, 387, 356, 4, 226, 347, 430, 30, 107, 362, 537, 416, 55, 390, 263, 79, 599, 257, 258, 169, 571, 147, 98, 302, 135, 187, 251, 202, 427, 382, 569, 402, 388, 184, 321, 311, 5, 100, 422, 404, 341, 555, 495, 209, 407, 299, 74, 165, 204, 215, 307, 207, 232, 423, 381, 406, 178, 344, 342, 29, 123, 234, 386, 358, 280, 152, 190, 458, 272, 314, 23, 408, 320, 262, 385, 409, 372, 269, 181, 376, 255, 92, 371, 392, 15, 197, 201, 383, 63, 298, 419, 287, 380, 336, 440, 498, 157, 488, 49, 316, 229, 467, 439, 134, 273, 300, 185, 124, 288, 65, 115, 489, 377, 294, 564, 249, 332, 538, 583, 527, 274, 533, 433, 519, 276, 441, 585, 337, 560, 80, 240, 581, 164, 289, 199, 436, 587, 145, 367, 501, 295, 389, 507, 417, 485, 195, 504, 550, 568, 252, 415, 196, 253, 543, 563, 162, 374, 205, 285, 161, 306, 83, 168, 364, 120, 119, 243, 94, 349, 259, 521, 233, 22, 318, 21, 224, 375, 179, 317, 413, 500, 38, 64, 133, 182, 175, 250, 88, 509, 296, 546, 363, 130, 556, 393, 357, 411, 431, 268, 36, 514, 491, 395, 91, 577, 167, 286, 264, 118, 575, 510, 275, 239, 48, 592, 530, 281, 62, 351, 478, 594, 405, 216, 322, 428, 116, 464, 531, 231, 384, 331, 551, 24, 50, 570, 462, 97, 139, 482, 496, 138, 451, 542, 584, 343, 129, 346, 360, 214, 303, 34, 47, 333, 222, 447, 450, 12, 487, 562, 398, 277, 284, 534, 449, 53, 193, 365, 532, 266, 73]
35596
Execution time: 5.5973591804504395

Execution: 1 Seed: 1
Final solution and makespan:
[470, 582, 64, 387, 89, 178, 294, 483, 597, 243, 444, 499, 559, 417, 214, 421, 38, 563, 53, 551, 282, 94, 235, 312, 561, 271, 486, 138, 132, 85, 495, 418, 448, 555, 238, 408, 316, 299, 166, 296, 285, 261, 302, 560, 303, 186, 27, 128, 324, 116, 507, 367, 195, 511, 42, 331, 488, 578, 240, 458, 424, 393, 462, 406, 347, 517, 83, 192, 277, 575, 368, 352, 30, 480, 566, 345, 518, 275, 557, 414, 237, 581, 204, 92, 20, 102, 519, 154, 384, 385, 583, 29, 131, 449, 437, 338, 25, 146, 550, 484, 401, 155, 173, 236, 515, 197, 250, 44, 5, 567, 536, 66, 162, 402, 65, 544, 323, 319, 180, 258, 553, 533, 31, 153, 18, 538, 0, 546, 255, 404, 122, 110, 68, 295, 307, 435, 148, 134, 477, 403, 281, 217, 274, 107, 123, 432, 580, 396, 416, 422, 130, 225, 50, 543, 36, 145, 8, 161, 7, 574, 43, 143, 298, 184, 78, 73, 193, 467, 594, 362, 599, 13, 442, 534, 304, 246, 75, 590, 152, 585, 150, 219, 224, 12, 254, 82, 58, 286, 159, 260, 175, 374, 165, 268, 34, 55, 2, 506, 45, 359, 479, 309, 233, 164, 273, 330, 182, 526, 179, 105, 142, 72, 196, 547, 535, 549, 525, 10, 586, 326, 392, 501, 290, 573, 188, 450, 305, 222, 63, 19, 315, 552, 527, 287, 344, 108, 571, 22, 221, 194, 199, 564, 427, 532, 364, 405, 177, 157, 111, 510, 97, 259, 88, 514, 215, 318, 139, 176, 135, 37, 545, 124, 60, 314, 262, 118, 270, 426, 376, 101, 151, 587, 46, 133, 231, 441, 203, 481, 397, 371, 310, 497, 389, 228, 205, 413, 48, 136, 234, 343, 202, 431, 361, 419, 191, 167, 33, 269, 280, 62, 206, 335, 472, 593, 407, 317, 531, 430, 548, 598, 171, 465, 325, 190, 565, 9, 588, 70, 174, 409, 252, 21, 86, 505, 340, 292, 170, 200, 591, 445, 41, 137, 4, 247, 493, 11, 322, 576, 226, 266, 6, 468, 336, 353, 473, 230, 87, 14, 267, 520, 306, 201, 478, 400, 370, 498, 454, 96, 3, 249, 433, 284, 216, 263, 436, 342, 127, 539, 415, 377, 522, 264, 114, 79, 242, 459, 1, 438, 93, 476, 49, 584, 80, 289, 357, 185, 460, 375, 278, 452, 288, 425, 489, 112, 475, 388, 521, 241, 313, 337, 52, 156, 410, 15, 244, 149, 541, 257, 77, 524, 504, 528, 265, 76, 144, 120, 523, 74, 71, 129, 141, 592, 23, 327, 333, 572, 293, 198, 540, 369, 363, 554, 54, 383, 502, 208, 211, 360, 463, 181, 446, 464, 346, 434, 279, 168, 300, 158, 329, 420, 562, 251, 61, 106, 542, 494, 455, 81, 428, 490, 509, 453, 109, 443, 456, 513, 372, 487, 474, 40, 451, 328, 341, 365, 394, 395, 496, 334, 239, 115, 100, 276, 373, 339, 512, 500, 95, 210, 272, 59, 382, 381, 423, 589, 391, 26, 56, 256, 172, 119, 320, 492, 447, 57, 461, 570, 530, 125, 253, 308, 354, 439, 301, 283, 227, 537, 379, 358, 529, 17, 348, 223, 457, 98, 39, 469, 103, 485, 351, 491, 35, 213, 503, 568, 380, 482, 366, 99, 113, 355, 569, 579, 16, 350, 297, 207, 558, 69, 47, 466, 516, 209, 429, 117, 187, 51, 356, 311, 24, 169, 556, 471, 411, 321, 147, 577, 390, 163, 140, 189, 218, 595, 126, 84, 67, 332, 220, 440, 248, 91, 160, 28, 399, 412, 32, 291, 90, 349, 121, 183, 212, 398, 104, 386, 245, 508, 596, 378, 232, 229]
35656
Execution time: 5.274335145950317

Execution: 2 Seed: 2
Final solution and makespan:
[229, 153, 260, 349, 80, 196, 453, 468, 92, 9, 326, 237, 29, 498, 557, 455, 234, 150, 154, 131, 576, 476, 149, 66, 599, 203, 84, 239, 366, 279, 192, 586, 405, 312, 521, 522, 564, 368, 97, 228, 74, 587, 537, 584, 545, 370, 135, 128, 107, 221, 447, 381, 555, 189, 596, 526, 54, 147, 465, 244, 359, 550, 380, 361, 354, 588, 14, 20, 316, 250, 516, 519, 55, 41, 304, 300, 593, 430, 302, 298, 211, 174, 6, 172, 437, 501, 488, 558, 450, 125, 422, 369, 410, 57, 226, 216, 389, 83, 191, 205, 444, 417, 60, 130, 27, 523, 566, 357, 517, 30, 506, 493, 165, 4, 110, 225, 454, 240, 79, 414, 579, 235, 37, 94, 77, 452, 340, 356, 331, 78, 209, 397, 173, 193, 157, 69, 589, 143, 233, 556, 475, 242, 258, 25, 572, 116, 400, 227, 48, 67, 43, 23, 350, 542, 306, 497, 374, 114, 42, 294, 390, 387, 168, 508, 161, 111, 403, 351, 460, 218, 481, 412, 299, 469, 355, 480, 585, 289, 22, 61, 0, 532, 320, 214, 230, 71, 484, 271, 270, 459, 549, 429, 577, 126, 11, 308, 238, 583, 530, 352, 383, 68, 409, 142, 197, 375, 155, 575, 254, 182, 93, 598, 217, 70, 44, 345, 232, 245, 266, 277, 363, 518, 1, 183, 458, 52, 504, 58, 195, 163, 47, 398, 86, 395, 246, 404, 140, 274, 594, 432, 539, 276, 113, 376, 12, 35, 408, 449, 507, 159, 112, 321, 496, 309, 394, 525, 72, 129, 17, 162, 145, 202, 186, 423, 187, 56, 428, 156, 338, 335, 396, 115, 95, 19, 574, 241, 553, 297, 267, 105, 231, 118, 514, 319, 433, 373, 167, 219, 548, 393, 512, 101, 322, 464, 2, 284, 98, 59, 292, 251, 268, 569, 141, 442, 392, 571, 282, 311, 492, 236, 8, 427, 436, 420, 158, 106, 478, 360, 329, 13, 148, 307, 499, 528, 295, 379, 36, 341, 62, 53, 463, 385, 248, 582, 419, 31, 445, 82, 198, 461, 160, 401, 560, 489, 293, 328, 561, 121, 194, 552, 213, 511, 144, 99, 399, 505, 325, 479, 90, 346, 132, 443, 418, 185, 580, 170, 81, 265, 65, 483, 334, 441, 210, 573, 63, 151, 310, 40, 466, 568, 533, 178, 96, 288, 249, 51, 538, 301, 406, 252, 384, 7, 372, 152, 303, 472, 581, 100, 64, 377, 257, 177, 524, 534, 85, 330, 474, 543, 291, 224, 208, 34, 378, 426, 3, 290, 263, 5, 73, 388, 540, 547, 215, 590, 332, 470, 296, 567, 75, 491, 171, 146, 222, 169, 592, 482, 411, 563, 281, 595, 46, 457, 324, 28, 337, 179, 416, 247, 137, 175, 382, 32, 38, 10, 510, 486, 358, 434, 201, 89, 473, 124, 336, 317, 305, 188, 15, 45, 323, 117, 546, 327, 503, 283, 88, 103, 456, 261, 343, 531, 597, 139, 431, 314, 554, 39, 206, 264, 199, 315, 24, 253, 365, 176, 415, 18, 448, 287, 446, 424, 471, 509, 26, 109, 136, 275, 413, 502, 515, 527, 367, 541, 108, 362, 591, 565, 353, 348, 207, 269, 347, 386, 494, 262, 536, 364, 243, 520, 119, 485, 259, 33, 278, 544, 529, 451, 559, 313, 285, 272, 570, 223, 286, 200, 551, 339, 487, 421, 164, 342, 212, 87, 407, 371, 477, 467, 122, 500, 438, 102, 181, 440, 495, 120, 91, 490, 513, 562, 133, 255, 333, 127, 50, 439, 535, 184, 273, 462, 391, 21, 435, 180, 76, 280, 134, 220, 256, 123, 344, 204, 402, 49, 104, 425, 138, 318, 16, 190, 578, 166]
35372
Execution time: 3.4546961784362793

Execution: 3 Seed: 3
Final solution and makespan:
[2, 407, 130, 192, 560, 148, 563, 57, 375, 68, 465, 117, 196, 481, 214, 376, 487, 519, 62, 312, 313, 535, 424, 434, 490, 163, 533, 314, 259, 327, 565, 110, 437, 521, 241, 37, 248, 369, 90, 139, 382, 365, 176, 250, 229, 483, 406, 10, 506, 573, 384, 307, 200, 580, 547, 592, 298, 546, 108, 150, 291, 512, 420, 194, 495, 414, 352, 87, 330, 412, 351, 266, 567, 502, 238, 524, 124, 149, 135, 413, 517, 202, 32, 31, 204, 109, 595, 179, 70, 273, 40, 141, 373, 389, 215, 180, 576, 404, 169, 66, 160, 184, 578, 240, 591, 284, 260, 445, 235, 167, 133, 134, 172, 531, 508, 65, 572, 84, 427, 415, 46, 102, 302, 570, 195, 383, 599, 530, 88, 577, 489, 386, 30, 114, 113, 222, 340, 203, 322, 446, 492, 74, 370, 323, 509, 98, 441, 364, 120, 442, 500, 274, 261, 236, 301, 335, 106, 395, 287, 230, 571, 145, 332, 189, 579, 219, 233, 152, 258, 56, 574, 255, 188, 295, 499, 328, 436, 153, 359, 345, 42, 123, 103, 267, 147, 252, 311, 45, 403, 344, 387, 105, 538, 566, 122, 520, 597, 448, 426, 136, 357, 536, 293, 281, 220, 33, 81, 534, 20, 86, 216, 353, 24, 569, 468, 529, 143, 391, 526, 256, 44, 545, 422, 394, 308, 15, 254, 104, 585, 198, 75, 181, 165, 27, 334, 346, 589, 550, 96, 205, 453, 144, 374, 170, 154, 280, 78, 21, 140, 156, 243, 39, 111, 377, 296, 400, 338, 264, 433, 339, 91, 325, 36, 175, 485, 428, 320, 146, 462, 173, 23, 107, 341, 561, 564, 85, 505, 61, 41, 191, 265, 496, 379, 405, 421, 268, 212, 226, 276, 58, 348, 277, 209, 342, 294, 324, 138, 257, 463, 472, 409, 498, 568, 316, 25, 187, 326, 518, 64, 456, 429, 51, 97, 269, 317, 319, 26, 304, 7, 190, 474, 237, 478, 197, 438, 540, 486, 11, 73, 263, 275, 333, 480, 232, 451, 431, 402, 246, 199, 211, 461, 562, 466, 213, 249, 559, 177, 416, 221, 401, 309, 262, 590, 388, 157, 452, 331, 292, 493, 336, 584, 464, 217, 49, 162, 34, 183, 35, 43, 513, 349, 356, 501, 52, 239, 224, 544, 131, 380, 244, 467, 306, 475, 116, 305, 69, 158, 48, 207, 234, 479, 100, 548, 286, 515, 279, 454, 432, 270, 38, 396, 408, 450, 115, 430, 290, 63, 361, 449, 587, 28, 435, 552, 366, 297, 227, 511, 315, 83, 119, 582, 9, 390, 458, 155, 484, 112, 553, 231, 80, 251, 557, 242, 558, 460, 72, 541, 525, 8, 358, 368, 516, 549, 378, 504, 137, 575, 164, 210, 551, 417, 399, 168, 440, 410, 272, 443, 142, 556, 337, 0, 186, 593, 101, 503, 367, 594, 554, 476, 457, 182, 543, 507, 82, 79, 13, 278, 522, 53, 12, 581, 299, 245, 77, 537, 206, 586, 161, 494, 185, 488, 166, 355, 99, 132, 60, 121, 393, 19, 223, 411, 127, 94, 5, 397, 271, 174, 16, 354, 118, 318, 477, 193, 89, 473, 171, 371, 418, 208, 228, 469, 92, 372, 67, 514, 47, 125, 423, 482, 225, 4, 532, 447, 523, 510, 471, 151, 343, 350, 54, 419, 59, 360, 128, 253, 381, 444, 555, 528, 392, 300, 1, 470, 282, 129, 491, 178, 303, 201, 71, 459, 497, 283, 363, 50, 362, 598, 539, 159, 398, 285, 6, 288, 439, 310, 289, 29, 588, 321, 596, 95, 218, 55, 247, 126, 14, 17, 76, 18, 385, 425, 583, 3, 93, 22, 347, 455, 329, 542, 527]
35934
Execution time: 2.5813188552856445

Execution: 4 Seed: 4
Final solution and makespan:
[238, 170, 151, 58, 474, 112, 419, 267, 546, 411, 135, 407, 149, 126, 403, 463, 368, 382, 210, 108, 0, 24, 233, 264, 278, 468, 406, 386, 588, 572, 255, 234, 165, 324, 532, 176, 167, 182, 571, 315, 473, 7, 587, 63, 18, 49, 433, 300, 339, 208, 279, 414, 305, 221, 177, 103, 552, 452, 23, 239, 531, 557, 75, 271, 265, 528, 227, 495, 168, 583, 193, 360, 443, 3, 162, 575, 122, 253, 247, 408, 506, 322, 74, 181, 297, 470, 80, 43, 593, 357, 42, 594, 493, 490, 115, 196, 455, 274, 533, 9, 248, 262, 390, 105, 78, 20, 556, 516, 550, 538, 494, 381, 348, 318, 586, 150, 316, 98, 102, 137, 359, 132, 198, 195, 306, 81, 46, 405, 337, 544, 145, 362, 276, 518, 127, 384, 101, 319, 548, 232, 224, 561, 558, 141, 35, 64, 272, 28, 77, 161, 577, 96, 366, 598, 536, 353, 312, 128, 445, 308, 19, 169, 160, 270, 585, 435, 89, 436, 428, 371, 393, 231, 110, 459, 441, 95, 331, 295, 471, 502, 188, 453, 14, 310, 113, 287, 424, 560, 86, 569, 332, 562, 258, 91, 209, 410, 413, 192, 178, 92, 347, 395, 205, 263, 539, 5, 175, 570, 454, 423, 574, 513, 442, 36, 202, 26, 44, 364, 131, 52, 462, 69, 117, 280, 519, 281, 425, 450, 323, 535, 579, 94, 143, 321, 342, 551, 500, 179, 430, 517, 480, 341, 33, 543, 352, 325, 237, 567, 460, 65, 554, 499, 211, 1, 329, 290, 226, 186, 250, 29, 307, 503, 4, 553, 70, 82, 66, 62, 434, 184, 540, 522, 13, 336, 17, 100, 376, 398, 338, 166, 457, 595, 220, 61, 505, 260, 328, 377, 479, 88, 514, 396, 375, 41, 590, 464, 389, 87, 313, 144, 120, 485, 343, 417, 71, 303, 212, 475, 438, 520, 589, 129, 216, 498, 285, 356, 27, 582, 90, 447, 157, 99, 119, 469, 2, 40, 6, 314, 180, 148, 16, 37, 282, 421, 349, 481, 580, 564, 391, 219, 204, 333, 275, 286, 372, 351, 107, 242, 527, 172, 525, 363, 334, 429, 134, 30, 511, 125, 142, 121, 21, 355, 164, 361, 252, 288, 383, 245, 392, 326, 483, 298, 523, 426, 171, 259, 591, 420, 22, 147, 549, 111, 458, 508, 261, 228, 374, 379, 291, 400, 399, 484, 427, 599, 73, 573, 416, 244, 55, 268, 45, 293, 302, 446, 488, 190, 187, 504, 67, 223, 346, 431, 254, 218, 581, 93, 311, 301, 229, 563, 189, 79, 215, 515, 596, 358, 159, 173, 299, 497, 418, 335, 529, 402, 510, 130, 206, 152, 146, 388, 138, 257, 373, 249, 345, 397, 576, 369, 60, 461, 354, 155, 451, 109, 559, 524, 289, 197, 246, 25, 439, 34, 370, 415, 12, 412, 541, 521, 440, 163, 284, 501, 203, 320, 269, 340, 10, 350, 534, 476, 207, 394, 509, 200, 565, 84, 256, 156, 133, 39, 432, 477, 387, 496, 243, 191, 236, 537, 584, 487, 97, 545, 568, 230, 367, 444, 72, 292, 139, 530, 123, 489, 380, 214, 32, 401, 15, 547, 194, 153, 174, 378, 467, 48, 54, 492, 225, 57, 83, 592, 309, 491, 59, 50, 385, 294, 154, 251, 53, 114, 201, 124, 317, 512, 449, 507, 578, 106, 456, 283, 116, 38, 136, 158, 56, 344, 85, 47, 241, 566, 465, 235, 597, 327, 31, 472, 76, 466, 183, 437, 296, 199, 478, 422, 555, 118, 51, 365, 273, 140, 213, 404, 217, 304, 482, 542, 486, 266, 104, 240, 526, 11, 185, 8, 330, 68, 277, 409, 448, 222]
35263
Execution time: 2.7490246295928955

Execution: 5 Seed: 5
Final solution and makespan:
[572, 441, 156, 233, 476, 101, 147, 512, 115, 463, 514, 253, 140, 556, 33, 465, 561, 374, 17, 270, 480, 397, 189, 73, 214, 43, 225, 251, 111, 5, 94, 401, 372, 288, 51, 88, 594, 297, 355, 226, 376, 24, 548, 143, 105, 587, 416, 318, 223, 315, 339, 205, 3, 155, 321, 489, 330, 35, 589, 347, 163, 65, 447, 562, 336, 135, 92, 217, 440, 18, 387, 68, 370, 178, 490, 107, 160, 517, 124, 412, 89, 588, 87, 237, 519, 187, 527, 26, 585, 529, 595, 495, 295, 269, 560, 437, 260, 137, 113, 236, 291, 331, 481, 84, 577, 108, 586, 359, 268, 21, 157, 149, 515, 443, 582, 555, 344, 460, 590, 551, 405, 470, 139, 360, 273, 212, 540, 356, 459, 574, 304, 381, 423, 14, 432, 385, 545, 74, 28, 293, 59, 52, 177, 534, 34, 506, 386, 471, 400, 47, 173, 132, 167, 584, 86, 221, 190, 485, 396, 246, 525, 150, 72, 537, 557, 265, 195, 287, 249, 337, 127, 500, 436, 521, 218, 536, 121, 30, 57, 338, 171, 579, 564, 128, 442, 317, 45, 55, 375, 419, 342, 455, 166, 184, 118, 402, 286, 182, 382, 110, 394, 348, 388, 141, 238, 81, 44, 219, 76, 334, 174, 103, 282, 547, 431, 332, 152, 363, 570, 222, 390, 100, 278, 196, 426, 509, 116, 191, 39, 279, 75, 421, 352, 168, 48, 391, 567, 239, 333, 230, 20, 411, 120, 454, 7, 245, 0, 13, 244, 216, 350, 158, 213, 543, 180, 461, 398, 175, 258, 41, 591, 498, 117, 12, 126, 229, 170, 409, 340, 434, 445, 112, 151, 346, 203, 272, 504, 95, 366, 209, 377, 104, 71, 162, 154, 302, 530, 56, 451, 491, 66, 298, 299, 194, 16, 323, 468, 106, 462, 250, 134, 508, 513, 559, 597, 281, 306, 477, 428, 395, 403, 518, 449, 40, 243, 569, 580, 475, 539, 6, 389, 96, 328, 320, 255, 15, 435, 351, 303, 520, 122, 161, 535, 294, 192, 553, 510, 322, 354, 425, 427, 165, 206, 464, 373, 329, 266, 358, 274, 64, 82, 23, 146, 324, 593, 267, 261, 473, 305, 254, 90, 309, 9, 532, 499, 361, 79, 10, 200, 429, 99, 186, 343, 142, 524, 533, 341, 505, 538, 130, 526, 46, 357, 240, 335, 507, 29, 550, 552, 262, 53, 563, 123, 60, 78, 277, 4, 439, 22, 211, 276, 371, 50, 466, 235, 503, 571, 424, 280, 296, 576, 197, 327, 263, 153, 325, 188, 67, 581, 54, 234, 129, 368, 469, 292, 227, 259, 599, 418, 420, 49, 220, 201, 25, 558, 42, 148, 202, 37, 501, 369, 183, 319, 97, 528, 349, 257, 179, 133, 91, 598, 232, 399, 248, 231, 283, 284, 138, 578, 453, 422, 2, 546, 31, 19, 457, 380, 583, 493, 444, 311, 413, 497, 487, 492, 523, 417, 483, 383, 27, 314, 575, 256, 404, 210, 185, 275, 568, 430, 511, 136, 242, 326, 70, 316, 208, 410, 566, 516, 285, 313, 271, 415, 448, 414, 181, 114, 458, 541, 301, 310, 80, 169, 467, 63, 565, 531, 494, 474, 433, 131, 289, 362, 406, 367, 125, 408, 215, 172, 308, 204, 145, 77, 502, 353, 69, 241, 488, 228, 478, 199, 32, 83, 207, 62, 544, 224, 450, 542, 312, 176, 438, 252, 38, 522, 144, 85, 247, 407, 554, 198, 290, 482, 393, 345, 379, 456, 102, 472, 452, 479, 264, 446, 159, 496, 300, 486, 384, 596, 109, 164, 193, 8, 98, 61, 592, 58, 307, 365, 119, 549, 378, 392, 1, 11, 573, 36, 364, 484, 93]
35263
Execution time: 2.578923225402832

Execution: 6 Seed: 6
Final solution and makespan:
[462, 378, 16, 509, 470, 0, 236, 571, 496, 390, 56, 201, 439, 273, 184, 119, 552, 175, 351, 361, 71, 48, 449, 434, 529, 76, 357, 564, 256, 211, 451, 504, 298, 215, 46, 341, 490, 498, 108, 194, 393, 305, 474, 133, 192, 31, 156, 270, 278, 52, 555, 203, 381, 168, 253, 440, 51, 33, 149, 63, 322, 534, 373, 437, 524, 235, 70, 313, 383, 438, 285, 518, 142, 590, 7, 575, 426, 407, 49, 573, 436, 584, 486, 355, 130, 461, 312, 172, 239, 485, 120, 375, 404, 463, 521, 17, 5, 197, 595, 183, 103, 123, 325, 88, 415, 520, 275, 531, 173, 323, 29, 544, 519, 124, 251, 501, 577, 487, 569, 348, 314, 525, 91, 545, 238, 301, 384, 38, 2, 331, 245, 472, 410, 368, 536, 254, 277, 161, 441, 423, 165, 320, 295, 452, 557, 57, 405, 580, 233, 231, 412, 179, 454, 95, 406, 141, 512, 346, 132, 177, 366, 276, 40, 290, 210, 244, 151, 455, 202, 349, 589, 556, 47, 464, 352, 329, 80, 494, 473, 425, 507, 25, 493, 400, 282, 268, 214, 324, 240, 37, 300, 516, 158, 74, 391, 4, 408, 41, 335, 563, 382, 457, 482, 578, 113, 481, 321, 432, 356, 414, 274, 363, 284, 523, 398, 448, 418, 83, 99, 58, 143, 377, 358, 82, 148, 97, 350, 566, 484, 387, 560, 342, 526, 106, 42, 174, 540, 360, 73, 32, 515, 269, 541, 488, 513, 551, 279, 332, 456, 140, 389, 180, 445, 296, 583, 343, 127, 568, 430, 220, 442, 205, 255, 419, 599, 338, 558, 59, 221, 72, 460, 444, 193, 204, 110, 227, 164, 596, 163, 230, 15, 13, 469, 154, 157, 186, 585, 471, 147, 261, 259, 458, 225, 68, 61, 288, 289, 530, 489, 78, 427, 287, 293, 547, 508, 318, 466, 267, 195, 10, 581, 187, 565, 435, 367, 422, 272, 258, 94, 139, 114, 475, 257, 23, 208, 84, 424, 315, 160, 241, 28, 6, 22, 115, 200, 44, 207, 459, 262, 150, 135, 21, 311, 12, 495, 316, 394, 96, 100, 359, 128, 574, 145, 549, 234, 528, 77, 166, 594, 153, 497, 69, 131, 181, 347, 11, 336, 191, 81, 27, 219, 66, 266, 421, 188, 302, 310, 527, 386, 337, 112, 416, 503, 420, 281, 247, 328, 54, 591, 286, 476, 249, 169, 43, 8, 185, 136, 116, 388, 431, 260, 561, 450, 480, 87, 217, 118, 105, 283, 264, 50, 510, 374, 176, 403, 517, 246, 213, 546, 411, 308, 339, 483, 468, 20, 306, 538, 36, 319, 340, 478, 413, 327, 14, 562, 532, 537, 572, 588, 303, 550, 129, 121, 209, 396, 333, 307, 55, 92, 499, 152, 582, 553, 369, 428, 505, 522, 598, 364, 548, 597, 26, 353, 178, 117, 402, 237, 265, 433, 182, 362, 226, 294, 447, 443, 60, 326, 196, 372, 62, 543, 90, 579, 385, 380, 102, 592, 190, 146, 229, 297, 104, 570, 263, 86, 330, 317, 126, 170, 171, 354, 189, 75, 334, 3, 252, 212, 19, 465, 280, 24, 291, 35, 376, 514, 79, 506, 429, 138, 228, 109, 379, 502, 417, 395, 98, 144, 539, 224, 500, 401, 533, 111, 371, 39, 242, 535, 134, 34, 399, 542, 122, 155, 162, 45, 477, 576, 345, 198, 309, 1, 586, 593, 446, 587, 85, 199, 223, 409, 292, 299, 167, 137, 479, 232, 304, 101, 491, 492, 365, 30, 554, 453, 370, 107, 53, 93, 18, 218, 216, 344, 392, 271, 511, 567, 248, 250, 65, 243, 559, 67, 89, 125, 397, 222, 206, 64, 9, 159, 467]
35572
Execution time: 2.834441900253296

Execution: 7 Seed: 7
Final solution and makespan:
[247, 350, 565, 63, 55, 507, 62, 374, 59, 452, 571, 444, 273, 385, 428, 584, 78, 343, 564, 306, 238, 504, 437, 44, 443, 512, 226, 47, 311, 453, 296, 101, 13, 347, 587, 370, 344, 494, 73, 176, 396, 41, 241, 65, 491, 61, 205, 26, 570, 89, 71, 545, 581, 189, 249, 42, 307, 22, 288, 243, 271, 457, 579, 577, 364, 574, 411, 376, 34, 187, 470, 40, 7, 379, 348, 358, 23, 168, 6, 75, 2, 173, 267, 582, 424, 228, 155, 24, 445, 553, 94, 407, 38, 312, 252, 591, 180, 16, 110, 393, 193, 142, 524, 408, 531, 200, 469, 151, 427, 170, 85, 552, 160, 281, 64, 340, 521, 598, 220, 383, 400, 99, 182, 538, 519, 362, 287, 290, 232, 285, 68, 90, 76, 365, 19, 567, 159, 248, 425, 560, 93, 210, 113, 183, 405, 372, 50, 594, 133, 472, 305, 333, 214, 466, 21, 128, 293, 346, 366, 207, 185, 399, 25, 455, 478, 483, 495, 335, 74, 391, 430, 324, 446, 486, 588, 501, 121, 225, 18, 329, 174, 543, 404, 138, 0, 172, 309, 32, 556, 35, 43, 434, 422, 222, 212, 561, 510, 202, 45, 327, 201, 359, 345, 67, 368, 120, 169, 539, 58, 179, 137, 132, 357, 291, 272, 111, 135, 206, 318, 489, 264, 341, 195, 481, 563, 149, 463, 106, 118, 263, 152, 517, 46, 356, 541, 104, 496, 82, 236, 246, 127, 245, 257, 471, 196, 360, 313, 559, 363, 240, 150, 253, 413, 112, 229, 265, 270, 380, 417, 338, 178, 381, 237, 258, 390, 540, 436, 117, 505, 479, 197, 103, 294, 395, 554, 109, 508, 361, 474, 465, 100, 49, 426, 566, 546, 91, 480, 278, 190, 502, 175, 532, 254, 134, 387, 81, 536, 14, 530, 221, 319, 542, 115, 590, 37, 522, 198, 585, 497, 423, 86, 192, 339, 250, 488, 392, 209, 529, 513, 15, 527, 317, 454, 215, 10, 409, 485, 384, 558, 136, 498, 5, 154, 286, 526, 274, 234, 403, 36, 283, 289, 492, 8, 523, 533, 580, 330, 402, 573, 208, 141, 107, 48, 576, 382, 167, 326, 401, 490, 126, 449, 557, 336, 57, 544, 211, 477, 12, 537, 302, 599, 597, 123, 534, 342, 130, 122, 595, 52, 351, 261, 105, 124, 125, 315, 269, 301, 456, 575, 416, 30, 70, 31, 562, 217, 447, 316, 378, 256, 438, 268, 275, 60, 462, 171, 406, 79, 415, 475, 548, 528, 419, 29, 153, 131, 592, 323, 440, 277, 314, 503, 303, 184, 572, 435, 77, 88, 468, 467, 420, 108, 260, 140, 308, 231, 353, 397, 84, 377, 482, 433, 218, 298, 28, 233, 389, 97, 448, 69, 578, 367, 514, 4, 352, 569, 227, 235, 337, 158, 95, 299, 551, 266, 506, 282, 146, 259, 213, 181, 27, 295, 500, 188, 9, 33, 355, 499, 230, 147, 177, 322, 583, 549, 431, 304, 244, 80, 410, 11, 280, 223, 520, 535, 276, 164, 321, 328, 216, 157, 165, 461, 96, 484, 72, 386, 414, 354, 1, 593, 203, 331, 334, 224, 451, 20, 369, 39, 144, 51, 102, 119, 371, 332, 53, 129, 54, 349, 476, 92, 493, 439, 421, 17, 515, 398, 589, 166, 186, 429, 550, 143, 139, 262, 148, 116, 3, 87, 586, 473, 251, 300, 547, 458, 145, 464, 255, 487, 162, 441, 199, 98, 325, 518, 310, 297, 284, 459, 525, 394, 375, 511, 450, 388, 412, 242, 56, 568, 418, 279, 66, 83, 373, 114, 239, 509, 163, 432, 156, 442, 194, 596, 204, 219, 161, 292, 555, 191, 320, 460, 516]
35798
Execution time: 2.5960328578948975

Execution: 8 Seed: 8
Final solution and makespan:
[298, 524, 68, 237, 352, 44, 37, 140, 599, 213, 171, 410, 295, 334, 86, 224, 180, 150, 497, 454, 545, 159, 276, 20, 11, 166, 417, 143, 32, 48, 390, 550, 551, 583, 272, 142, 416, 411, 428, 88, 279, 529, 70, 34, 429, 412, 38, 333, 198, 151, 518, 488, 87, 506, 436, 475, 164, 255, 321, 40, 135, 273, 451, 280, 525, 579, 231, 401, 183, 186, 123, 261, 566, 94, 302, 266, 399, 517, 586, 223, 447, 78, 268, 426, 483, 54, 569, 350, 507, 121, 329, 12, 387, 202, 25, 6, 346, 305, 394, 55, 477, 238, 343, 181, 466, 36, 205, 385, 290, 154, 591, 473, 535, 169, 43, 262, 203, 382, 190, 271, 564, 472, 440, 450, 269, 217, 69, 232, 406, 291, 523, 120, 534, 443, 588, 398, 3, 79, 122, 178, 281, 184, 389, 322, 311, 10, 187, 420, 405, 249, 330, 471, 331, 28, 93, 57, 571, 456, 494, 206, 248, 111, 381, 201, 73, 8, 42, 81, 573, 446, 33, 415, 242, 521, 403, 95, 62, 448, 297, 537, 47, 430, 567, 509, 85, 263, 149, 46, 29, 239, 221, 106, 397, 335, 408, 511, 431, 395, 490, 538, 572, 99, 442, 589, 214, 499, 241, 384, 104, 519, 590, 270, 392, 383, 64, 495, 144, 102, 256, 362, 0, 165, 367, 351, 72, 512, 110, 527, 252, 278, 35, 282, 56, 578, 182, 565, 427, 59, 100, 582, 574, 212, 173, 228, 236, 30, 520, 234, 453, 373, 414, 359, 226, 353, 179, 293, 155, 484, 370, 153, 580, 354, 101, 562, 7, 592, 460, 74, 500, 304, 487, 137, 289, 131, 449, 587, 360, 505, 24, 467, 277, 283, 596, 340, 482, 210, 434, 240, 570, 126, 317, 364, 595, 363, 479, 204, 528, 386, 480, 413, 162, 219, 65, 544, 116, 177, 469, 336, 531, 77, 199, 445, 211, 470, 284, 513, 117, 189, 458, 134, 61, 192, 432, 53, 375, 581, 227, 463, 327, 113, 292, 109, 325, 107, 250, 461, 407, 195, 549, 323, 89, 119, 530, 191, 308, 491, 9, 39, 75, 598, 18, 409, 522, 243, 465, 127, 13, 376, 194, 533, 17, 396, 502, 175, 478, 145, 560, 188, 563, 423, 393, 128, 287, 260, 548, 345, 344, 328, 247, 1, 220, 130, 419, 532, 83, 264, 404, 424, 141, 286, 320, 540, 541, 163, 157, 132, 556, 303, 96, 554, 584, 380, 492, 41, 597, 168, 391, 496, 539, 388, 319, 593, 576, 148, 568, 559, 503, 516, 23, 462, 136, 207, 543, 371, 378, 316, 337, 257, 27, 418, 19, 356, 275, 514, 301, 215, 557, 253, 71, 439, 2, 267, 372, 481, 422, 254, 324, 312, 347, 368, 552, 26, 542, 474, 92, 208, 115, 125, 67, 4, 274, 309, 60, 139, 498, 536, 138, 338, 133, 355, 158, 22, 421, 438, 299, 235, 51, 288, 594, 82, 114, 80, 265, 216, 486, 402, 174, 259, 209, 129, 476, 493, 341, 455, 146, 197, 425, 444, 575, 306, 14, 294, 577, 161, 76, 358, 225, 167, 561, 52, 555, 50, 457, 91, 16, 365, 296, 435, 433, 49, 318, 361, 437, 366, 468, 348, 546, 310, 307, 501, 21, 84, 193, 63, 200, 152, 244, 547, 251, 222, 108, 464, 15, 285, 510, 452, 230, 245, 300, 160, 258, 118, 314, 485, 246, 185, 508, 313, 97, 315, 5, 585, 342, 147, 504, 369, 218, 526, 98, 124, 326, 349, 379, 339, 332, 170, 112, 459, 103, 357, 400, 377, 489, 229, 31, 105, 45, 233, 196, 558, 90, 176, 515, 553, 66, 156, 172, 58, 441, 374]
35571
Execution time: 2.56602144241333

Execution: 9 Seed: 9
Final solution and makespan:
[322, 525, 466, 141, 190, 212, 181, 514, 494, 82, 581, 598, 287, 374, 296, 86, 96, 450, 84, 74, 408, 323, 23, 37, 64, 143, 459, 229, 65, 39, 586, 320, 33, 130, 478, 451, 353, 421, 204, 221, 150, 88, 387, 307, 142, 315, 223, 395, 382, 316, 399, 405, 318, 163, 13, 85, 305, 468, 134, 180, 288, 179, 246, 70, 242, 398, 563, 116, 210, 42, 99, 24, 253, 167, 35, 170, 197, 191, 165, 527, 475, 523, 273, 386, 3, 576, 474, 215, 55, 247, 457, 579, 225, 121, 9, 172, 588, 140, 550, 0, 292, 46, 435, 270, 123, 560, 551, 152, 515, 433, 434, 145, 219, 371, 151, 298, 277, 583, 124, 390, 534, 193, 184, 27, 402, 255, 467, 394, 477, 428, 217, 486, 118, 463, 578, 166, 280, 526, 422, 561, 189, 1, 341, 532, 392, 131, 569, 128, 349, 31, 234, 424, 97, 49, 446, 186, 513, 120, 594, 554, 15, 511, 236, 571, 61, 545, 2, 8, 596, 263, 404, 482, 379, 282, 106, 266, 519, 321, 508, 32, 420, 156, 400, 541, 231, 436, 301, 69, 113, 557, 549, 415, 597, 138, 566, 22, 112, 430, 425, 509, 18, 426, 572, 7, 157, 491, 447, 344, 209, 83, 40, 441, 241, 429, 52, 317, 196, 479, 256, 383, 129, 393, 159, 427, 533, 452, 104, 448, 593, 376, 567, 354, 506, 278, 164, 268, 25, 443, 345, 222, 51, 26, 536, 168, 366, 592, 148, 169, 182, 251, 470, 283, 501, 332, 153, 98, 555, 373, 562, 62, 127, 260, 73, 444, 254, 249, 144, 243, 517, 575, 21, 261, 595, 319, 232, 442, 297, 414, 239, 338, 333, 5, 48, 162, 537, 489, 458, 437, 413, 483, 224, 411, 60, 512, 194, 306, 570, 552, 171, 289, 257, 110, 363, 481, 339, 330, 66, 108, 465, 326, 406, 488, 101, 54, 352, 87, 577, 41, 589, 50, 102, 109, 81, 564, 188, 377, 228, 510, 20, 358, 409, 90, 473, 504, 471, 29, 412, 237, 258, 267, 558, 308, 53, 556, 507, 472, 302, 77, 584, 45, 438, 250, 313, 397, 380, 198, 360, 43, 361, 154, 364, 89, 136, 240, 271, 265, 293, 493, 440, 294, 176, 497, 75, 538, 314, 195, 559, 235, 585, 216, 407, 281, 72, 95, 553, 485, 445, 495, 535, 227, 63, 503, 516, 423, 262, 38, 369, 540, 461, 269, 324, 582, 284, 158, 439, 346, 403, 155, 300, 347, 203, 92, 542, 30, 149, 375, 192, 502, 259, 528, 94, 340, 295, 449, 160, 432, 201, 580, 14, 309, 454, 206, 362, 384, 565, 28, 418, 177, 431, 103, 119, 337, 272, 590, 484, 524, 56, 44, 36, 125, 114, 351, 147, 498, 391, 334, 199, 546, 285, 78, 275, 213, 568, 530, 587, 146, 245, 544, 496, 80, 137, 59, 93, 299, 460, 303, 4, 233, 57, 325, 419, 548, 355, 381, 531, 67, 370, 68, 200, 11, 522, 47, 252, 19, 389, 499, 378, 174, 329, 290, 312, 6, 175, 455, 178, 34, 311, 591, 220, 58, 304, 505, 132, 529, 456, 573, 365, 291, 416, 336, 396, 105, 139, 356, 244, 264, 310, 274, 350, 71, 207, 599, 126, 539, 133, 276, 574, 518, 367, 205, 202, 79, 410, 328, 357, 208, 342, 476, 10, 185, 161, 187, 521, 348, 286, 173, 469, 480, 500, 359, 279, 401, 100, 12, 547, 91, 453, 117, 490, 372, 327, 385, 464, 111, 226, 417, 183, 335, 115, 492, 211, 16, 331, 388, 368, 248, 543, 76, 520, 218, 230, 462, 135, 238, 343, 17, 487, 122, 107, 214]
35503
Execution time: 2.610374927520752


Mean makespan: 35552.8