First solution:
[49, 97, 53, 5, 33, 65, 62, 51, 38, 61, 45, 74, 27, 64, 17, 36, 85, 12, 79, 32, 68, 77, 18, 39, 82, 9, 42, 60, 71, 75, 89, 55, 40, 26, 90, 56, 95, 3, 92, 58, 35, 72, 0, 96, 46, 98, 25, 69, 50, 73, 67, 57, 76, 31, 21, 15, 20, 4, 70, 84, 14, 44, 88, 34, 28, 86, 99, 43, 81, 93, 37, 83, 29, 22, 30, 59, 10, 24, 6, 19, 66, 78, 87, 47, 2, 80, 41, 52, 63, 16, 54, 94, 91, 1, 13, 48, 7, 11, 8, 23]
First solution value:
11316
Execution: 0 Seed: 0
Final solution and makespan:
[68, 0, 53, 4, 92, 48, 79, 23, 55, 99, 20, 94, 13, 22, 74, 91, 35, 72, 6, 97, 67, 38, 64, 21, 32, 25, 43, 2, 37, 85, 54, 30, 63, 70, 47, 40, 18, 10, 24, 82, 19, 57, 29, 36, 66, 76, 31, 73, 93, 16, 86, 98, 42, 71, 61, 83, 11, 33, 26, 8, 1, 17, 7, 5, 44, 15, 96, 41, 49, 45, 52, 27, 50, 58, 51, 3, 69, 56, 39, 81, 65, 77, 78, 75, 14, 28, 89, 62, 84, 88, 9, 34, 90, 87, 12, 95, 80, 46, 59, 60]
10774
Execution time: 192.249276638031

First solution:
[17, 72, 97, 8, 32, 15, 63, 57, 60, 83, 48, 26, 12, 62, 3, 49, 55, 77, 0, 92, 34, 29, 75, 13, 40, 85, 2, 74, 69, 1, 89, 27, 54, 98, 28, 56, 93, 35, 14, 22, 61, 43, 59, 71, 78, 18, 70, 88, 86, 41, 6, 11, 82, 46, 67, 7, 21, 95, 68, 42, 87, 19, 45, 31, 47, 25, 73, 30, 94, 23, 79, 39, 76, 58, 5, 64, 99, 91, 52, 24, 33, 80, 16, 66, 90, 96, 50, 84, 36, 44, 81, 10, 9, 38, 20, 4, 51, 65, 37, 53]
First solution value:
11172
Execution: 1 Seed: 1
Final solution and makespan:
[7, 84, 57, 1, 20, 79, 71, 32, 92, 6, 10, 83, 39, 3, 55, 8, 65, 30, 28, 80, 33, 22, 91, 14, 41, 44, 68, 37, 34, 58, 74, 49, 42, 5, 51, 75, 50, 48, 36, 89, 94, 40, 76, 98, 9, 85, 46, 15, 53, 24, 12, 67, 26, 13, 2, 66, 60, 17, 21, 43, 82, 61, 90, 19, 52, 62, 35, 87, 27, 81, 88, 45, 95, 11, 72, 4, 97, 47, 25, 96, 64, 38, 29, 70, 78, 16, 69, 54, 23, 18, 86, 56, 59, 93, 73, 99, 63, 31, 77, 0]
10756
Execution time: 228.52321815490723

First solution:
[7, 11, 10, 46, 21, 94, 85, 39, 32, 77, 27, 90, 4, 74, 20, 55, 81, 50, 65, 47, 69, 56, 64, 34, 87, 3, 96, 59, 40, 48, 54, 67, 95, 22, 30, 29, 86, 98, 93, 62, 8, 91, 58, 23, 57, 43, 35, 60, 28, 82, 26, 80, 33, 78, 37, 66, 73, 51, 97, 25, 88, 70, 15, 31, 17, 36, 84, 38, 44, 68, 42, 14, 92, 52, 18, 79, 53, 89, 45, 99, 41, 5, 72, 83, 9, 75, 12, 49, 24, 13, 19, 16, 6, 2, 71, 1, 63, 61, 76, 0]
First solution value:
11488
Execution: 2 Seed: 2
Final solution and makespan:
[13, 25, 70, 27, 60, 20, 49, 14, 92, 58, 18, 24, 35, 36, 57, 46, 88, 95, 37, 52, 1, 47, 3, 74, 40, 38, 85, 19, 65, 23, 71, 32, 9, 16, 89, 82, 44, 41, 69, 17, 77, 79, 22, 96, 73, 6, 72, 50, 29, 64, 59, 2, 48, 68, 4, 81, 99, 98, 26, 8, 75, 87, 53, 5, 54, 66, 11, 42, 31, 39, 97, 62, 12, 10, 7, 78, 86, 15, 76, 0, 33, 43, 91, 34, 55, 28, 61, 84, 30, 93, 94, 63, 90, 83, 21, 45, 80, 51, 67, 56]
10795
Execution time: 236.133154630661

First solution:
[30, 75, 69, 16, 47, 77, 60, 80, 74, 8, 94, 1, 93, 33, 70, 29, 24, 87, 97, 85, 82, 50, 19, 84, 89, 66, 49, 88, 90, 20, 5, 38, 3, 34, 79, 73, 54, 25, 46, 51, 36, 28, 71, 56, 23, 6, 2, 57, 31, 13, 96, 43, 27, 40, 98, 26, 32, 83, 59, 22, 91, 37, 44, 14, 21, 72, 17, 10, 92, 99, 86, 58, 18, 95, 67, 61, 65, 63, 55, 68, 52, 9, 62, 53, 15, 78, 48, 7, 39, 81, 11, 42, 64, 0, 12, 76, 4, 45, 41, 35]
First solution value:
11453
Execution: 3 Seed: 3
Final solution and makespan:
[98, 53, 7, 96, 2, 69, 18, 58, 83, 30, 19, 37, 94, 66, 84, 47, 33, 28, 0, 79, 44, 93, 63, 8, 88, 16, 62, 39, 41, 73, 57, 20, 74, 89, 17, 70, 65, 99, 26, 42, 91, 77, 9, 80, 64, 95, 23, 14, 32, 81, 86, 49, 6, 61, 22, 13, 67, 43, 50, 29, 45, 5, 38, 34, 72, 36, 68, 21, 78, 51, 27, 75, 55, 92, 3, 11, 52, 60, 4, 54, 35, 85, 56, 82, 87, 90, 59, 1, 24, 46, 25, 15, 12, 40, 48, 76, 31, 71, 10, 97]
10802
Execution time: 230.74764275550842

First solution:
[30, 38, 13, 92, 50, 61, 19, 11, 8, 2, 51, 70, 37, 7, 28, 66, 68, 46, 35, 22, 97, 33, 27, 3, 78, 34, 24, 21, 39, 87, 47, 96, 43, 49, 64, 31, 80, 15, 99, 17, 5, 52, 55, 81, 53, 93, 0, 18, 36, 45, 54, 48, 32, 12, 26, 77, 98, 58, 44, 85, 10, 14, 84, 16, 90, 59, 56, 29, 60, 89, 65, 20, 62, 63, 71, 4, 72, 6, 75, 79, 95, 67, 91, 74, 83, 88, 41, 9, 94, 25, 69, 76, 40, 57, 42, 1, 23, 82, 86, 73]
First solution value:
11400
Execution: 4 Seed: 4
Final solution and makespan:
[32, 27, 96, 54, 6, 33, 55, 52, 10, 51, 65, 58, 17, 26, 84, 81, 88, 67, 75, 46, 34, 64, 37, 42, 2, 73, 70, 86, 61, 20, 99, 82, 38, 77, 74, 62, 30, 23, 87, 18, 29, 36, 15, 48, 71, 98, 56, 63, 41, 21, 45, 4, 22, 40, 0, 8, 72, 90, 80, 53, 66, 79, 50, 3, 11, 93, 60, 13, 68, 94, 95, 91, 31, 92, 24, 39, 5, 57, 69, 1, 19, 9, 83, 16, 7, 97, 28, 89, 12, 25, 76, 44, 14, 49, 78, 47, 43, 85, 59, 35]
10703
Execution time: 245.44838523864746

First solution:
[79, 32, 94, 45, 88, 97, 83, 67, 3, 59, 31, 93, 6, 20, 14, 47, 60, 89, 48, 69, 13, 73, 82, 1, 27, 52, 35, 23, 49, 86, 9, 17, 56, 16, 66, 0, 64, 99, 71, 62, 10, 55, 90, 18, 70, 12, 34, 43, 40, 95, 11, 44, 54, 24, 19, 76, 72, 26, 57, 80, 65, 4, 21, 96, 63, 37, 38, 36, 22, 42, 51, 15, 77, 41, 5, 28, 46, 75, 25, 81, 8, 78, 61, 84, 92, 98, 39, 87, 53, 50, 29, 74, 7, 85, 68, 58, 33, 30, 2, 91]
First solution value:
11192
Execution: 5 Seed: 5
Final solution and makespan:
[15, 14, 63, 50, 7, 83, 74, 61, 42, 29, 89, 35, 17, 71, 92, 77, 76, 99, 19, 54, 20, 9, 21, 96, 28, 31, 78, 67, 18, 24, 87, 11, 60, 52, 13, 38, 94, 53, 22, 88, 62, 80, 37, 57, 47, 16, 49, 12, 26, 82, 55, 41, 32, 10, 43, 85, 90, 86, 2, 45, 33, 58, 25, 95, 98, 6, 46, 51, 8, 3, 30, 91, 97, 93, 4, 48, 64, 56, 66, 81, 36, 69, 73, 5, 65, 79, 75, 34, 59, 70, 0, 84, 23, 72, 27, 44, 39, 1, 40, 68]
10778
Execution time: 227.53794765472412

First solution:
[73, 10, 62, 33, 4, 0, 18, 84, 75, 60, 47, 40, 2, 34, 97, 25, 52, 68, 69, 12, 24, 72, 70, 96, 11, 54, 42, 91, 46, 83, 32, 56, 80, 92, 37, 67, 5, 65, 57, 64, 77, 41, 23, 31, 53, 90, 81, 36, 58, 44, 55, 1, 88, 61, 15, 38, 27, 19, 22, 85, 7, 63, 49, 76, 74, 39, 17, 99, 35, 82, 45, 86, 95, 89, 6, 51, 16, 94, 66, 50, 79, 98, 59, 9, 78, 21, 8, 14, 43, 87, 28, 26, 93, 3, 29, 30, 13, 48, 20, 71]
First solution value:
11274
Execution: 6 Seed: 6
Final solution and makespan:
[57, 36, 50, 21, 52, 81, 16, 38, 93, 76, 6, 8, 23, 65, 71, 88, 70, 61, 5, 74, 77, 41, 83, 34, 87, 37, 69, 4, 39, 11, 86, 63, 94, 78, 31, 98, 12, 53, 17, 62, 28, 90, 68, 32, 33, 19, 7, 67, 95, 91, 92, 42, 29, 26, 80, 3, 99, 97, 47, 59, 44, 22, 15, 43, 24, 9, 20, 10, 79, 13, 25, 14, 55, 49, 0, 40, 60, 48, 96, 85, 51, 58, 66, 72, 54, 64, 56, 46, 73, 82, 89, 18, 1, 45, 30, 75, 35, 27, 2, 84]
10783
Execution time: 235.69657564163208

First solution:
[41, 19, 50, 83, 6, 9, 68, 12, 46, 74, 7, 64, 27, 4, 11, 55, 53, 8, 30, 85, 70, 54, 89, 72, 15, 28, 77, 97, 95, 90, 5, 17, 37, 96, 18, 75, 39, 35, 52, 43, 80, 71, 67, 36, 40, 92, 23, 58, 62, 45, 86, 56, 3, 63, 13, 31, 60, 34, 87, 20, 29, 57, 91, 66, 98, 88, 59, 42, 69, 65, 94, 16, 32, 10, 48, 14, 38, 51, 2, 47, 79, 76, 44, 26, 49, 24, 73, 61, 0, 22, 1, 82, 93, 21, 81, 78, 84, 99, 25, 33]
First solution value:
11247
Execution: 7 Seed: 7
Final solution and makespan:
[43, 5, 33, 34, 11, 0, 80, 61, 26, 37, 49, 17, 99, 60, 3, 79, 22, 87, 52, 29, 30, 31, 27, 74, 77, 24, 28, 78, 44, 76, 23, 94, 82, 6, 95, 38, 39, 36, 62, 42, 63, 84, 97, 54, 70, 25, 46, 75, 32, 55, 96, 92, 40, 8, 41, 14, 48, 66, 88, 72, 89, 85, 59, 35, 1, 65, 83, 98, 12, 91, 20, 81, 2, 7, 13, 93, 4, 73, 71, 21, 86, 53, 51, 57, 16, 64, 45, 47, 10, 19, 50, 15, 56, 9, 69, 67, 58, 90, 18, 68]
10783
Execution time: 234.6577651500702

First solution:
[29, 47, 48, 16, 24, 90, 5, 10, 17, 31, 64, 26, 51, 82, 3, 58, 62, 84, 49, 63, 73, 95, 87, 11, 83, 99, 2, 34, 66, 52, 60, 97, 14, 33, 12, 8, 81, 39, 53, 78, 6, 42, 85, 21, 15, 44, 93, 94, 41, 71, 13, 37, 9, 38, 4, 72, 79, 70, 65, 98, 68, 74, 75, 28, 18, 22, 27, 89, 92, 69, 19, 57, 91, 54, 86, 88, 76, 20, 55, 96, 46, 59, 40, 45, 23, 32, 30, 67, 25, 1, 77, 50, 36, 43, 56, 0, 35, 61, 80, 7]
First solution value:
11614
Execution: 8 Seed: 8
Final solution and makespan:
[39, 33, 49, 59, 6, 60, 50, 4, 80, 47, 24, 99, 11, 73, 62, 18, 83, 36, 67, 75, 7, 82, 55, 58, 91, 26, 15, 90, 5, 48, 84, 22, 63, 46, 45, 25, 42, 38, 40, 96, 37, 81, 93, 51, 12, 29, 30, 77, 94, 54, 72, 28, 95, 65, 64, 41, 21, 19, 44, 76, 98, 74, 43, 92, 66, 8, 97, 3, 69, 27, 68, 1, 56, 78, 53, 16, 23, 79, 70, 2, 71, 32, 20, 35, 57, 52, 17, 9, 86, 61, 85, 10, 87, 14, 0, 31, 88, 13, 34, 89]
10758
Execution time: 231.56757831573486

First solution:
[59, 78, 47, 34, 17, 23, 86, 0, 43, 64, 99, 77, 10, 42, 70, 98, 5, 48, 21, 57, 54, 20, 81, 30, 6, 14, 16, 90, 8, 49, 13, 37, 26, 28, 53, 11, 96, 58, 69, 25, 95, 88, 51, 2, 12, 45, 92, 67, 3, 24, 31, 71, 1, 15, 27, 7, 38, 65, 44, 68, 55, 39, 62, 93, 83, 82, 97, 32, 35, 18, 46, 89, 75, 61, 56, 91, 79, 84, 60, 76, 4, 85, 33, 66, 63, 29, 87, 9, 40, 19, 50, 36, 73, 94, 22, 80, 41, 74, 72, 52]
First solution value:
11440
Execution: 9 Seed: 9
Final solution and makespan:
[85, 97, 37, 6, 84, 77, 79, 3, 46, 72, 47, 76, 11, 26, 56, 67, 59, 90, 29, 71, 22, 39, 81, 28, 25, 42, 91, 66, 78, 65, 7, 40, 53, 15, 50, 51, 17, 0, 41, 75, 31, 61, 48, 87, 35, 49, 9, 55, 16, 5, 68, 54, 94, 62, 89, 70, 8, 2, 32, 82, 57, 21, 45, 83, 74, 30, 14, 34, 63, 88, 43, 24, 52, 80, 98, 99, 95, 86, 64, 58, 33, 60, 96, 4, 27, 19, 73, 10, 18, 36, 69, 1, 12, 23, 38, 13, 92, 44, 20, 93]
10703
Execution time: 245.08356761932373


Mean makespan: 10763.5