First solution:
[49, 97, 53, 5, 33, 65, 62, 51, 38, 61, 45, 74, 27, 64, 17, 36, 85, 12, 79, 32, 68, 77, 18, 39, 82, 9, 42, 60, 71, 75, 89, 55, 40, 26, 90, 56, 95, 3, 92, 58, 35, 72, 0, 96, 46, 98, 25, 69, 50, 73, 67, 57, 76, 31, 21, 15, 20, 4, 70, 84, 14, 44, 88, 34, 28, 86, 99, 43, 81, 93, 37, 83, 29, 22, 30, 59, 10, 24, 6, 19, 66, 78, 87, 47, 2, 80, 41, 52, 63, 16, 54, 94, 91, 1, 13, 48, 7, 11, 8, 23]
First solution value:
11316
Execution: 0 Seed: 0
Final solution and makespan:
[68, 0, 53, 4, 92, 48, 79, 23, 55, 99, 20, 94, 13, 22, 74, 91, 35, 72, 6, 97, 67, 38, 64, 21, 32, 25, 43, 2, 37, 85, 54, 30, 63, 70, 47, 40, 18, 10, 24, 82, 19, 57, 29, 36, 66, 76, 31, 73, 93, 16, 86, 98, 42, 71, 61, 83, 11, 33, 26, 8, 1, 17, 7, 5, 44, 15, 96, 41, 49, 45, 52, 27, 50, 58, 51, 3, 69, 56, 39, 81, 65, 77, 78, 75, 14, 28, 89, 62, 84, 88, 9, 34, 90, 87, 12, 95, 80, 46, 59, 60]
10774
Execution time: 117.95024585723877


Mean makespan: 1077.4