First solution:
[432, 197, 388, 455, 215, 20, 132, 261, 248, 207, 470, 401, 424, 155, 244, 183, 298, 456, 464, 111, 258, 71, 144, 478, 386, 48, 316, 409, 128, 465, 272, 361, 414, 308, 461, 75, 158, 50, 373, 37, 435, 350, 169, 241, 286, 51, 181, 222, 161, 312, 327, 104, 282, 485, 226, 443, 266, 133, 31, 412, 280, 7, 47, 368, 430, 204, 363, 422, 488, 342, 320, 0, 313, 252, 423, 170, 124, 489, 166, 360, 32, 97, 290, 113, 122, 411, 72, 467, 278, 229, 46, 41, 163, 260, 250, 55, 154, 447, 149, 468, 63, 439, 487, 276, 448, 466, 398, 300, 147, 227, 472, 305, 498, 162, 294, 123, 148, 94, 96, 95, 16, 427, 336, 442, 243, 35, 45, 347, 66, 76, 19, 408, 358, 396, 349, 200, 400, 268, 141, 267, 120, 110, 372, 301, 214, 296, 140, 230, 426, 338, 328, 182, 42, 421, 378, 59, 249, 392, 322, 171, 418, 425, 8, 138, 344, 112, 190, 87, 397, 218, 441, 454, 74, 334, 23, 293, 273, 394, 460, 13, 399, 381, 310, 385, 61, 364, 389, 189, 335, 18, 11, 99, 382, 319, 245, 107, 329, 309, 440, 217, 365, 376, 374, 416, 36, 403, 179, 223, 92, 303, 257, 239, 494, 299, 314, 102, 483, 484, 240, 86, 395, 29, 81, 82, 175, 271, 471, 60, 445, 89, 6, 482, 209, 406, 159, 348, 198, 323, 78, 269, 234, 40, 340, 325, 143, 34, 315, 195, 446, 384, 90, 156, 73, 172, 91, 151, 242, 228, 475, 330, 463, 33, 402, 79, 341, 191, 106, 212, 346, 287, 428, 152, 49, 178, 85, 479, 253, 57, 407, 114, 318, 453, 246, 145, 233, 337, 284, 324, 216, 304, 387, 457, 281, 302, 357, 220, 379, 371, 232, 224, 434, 135, 458, 255, 473, 193, 410, 9, 126, 83, 236, 119, 12, 495, 474, 353, 362, 21, 238, 3, 213, 173, 186, 80, 194, 54, 180, 275, 263, 491, 25, 185, 30, 486, 462, 77, 476, 345, 208, 121, 101, 352, 5, 70, 115, 356, 65, 254, 283, 88, 351, 39, 221, 4, 10, 211, 52, 202, 176, 93, 477, 259, 117, 480, 380, 499, 53, 219, 449, 2, 297, 38, 69, 205, 43, 265, 437, 497, 206, 125, 235, 450, 146, 157, 375, 288, 369, 131, 321, 237, 165, 331, 203, 136, 14, 292, 184, 167, 444, 383, 22, 142, 103, 192, 262, 496, 377, 289, 251, 429, 187, 391, 279, 469, 359, 225, 15, 332, 105, 306, 174, 137, 291, 339, 354, 264, 413, 168, 160, 355, 139, 451, 28, 438, 390, 1, 270, 68, 129, 490, 317, 67, 417, 109, 177, 134, 84, 343, 27, 116, 256, 277, 210, 404, 127, 307, 433, 188, 98, 492, 64, 393, 58, 415, 436, 452, 62, 405, 196, 199, 100, 164, 420, 481, 285, 274, 44, 247, 295, 150, 17, 367, 24, 333, 311, 493, 153, 118, 326, 231, 108, 366, 56, 201, 26, 370, 431, 130, 459, 419]
First solution value:
36843
Execution: 0 Seed: 0
Final solution and makespan:
[328, 275, 157, 196, 333, 448, 256, 199, 6, 64, 380, 419, 95, 17, 205, 481, 40, 447, 185, 369, 195, 469, 119, 225, 200, 130, 439, 99, 13, 281, 235, 464, 450, 283, 414, 188, 264, 223, 302, 271, 51, 444, 161, 60, 251, 412, 88, 343, 242, 71, 241, 138, 454, 147, 176, 440, 1, 497, 462, 365, 194, 390, 442, 96, 45, 14, 463, 431, 48, 351, 348, 495, 383, 203, 274, 307, 360, 37, 67, 216, 201, 468, 26, 123, 441, 243, 480, 145, 428, 297, 152, 338, 222, 413, 139, 347, 111, 336, 212, 94, 467, 485, 28, 110, 397, 309, 44, 382, 272, 86, 192, 399, 245, 377, 286, 486, 477, 299, 221, 332, 190, 156, 257, 97, 191, 136, 418, 276, 416, 255, 259, 422, 160, 4, 115, 224, 76, 173, 345, 305, 253, 159, 438, 178, 116, 202, 445, 456, 228, 325, 46, 476, 231, 16, 320, 368, 312, 298, 153, 121, 291, 458, 20, 398, 341, 359, 36, 90, 9, 355, 252, 74, 290, 258, 232, 31, 323, 473, 210, 166, 279, 23, 98, 282, 91, 220, 319, 143, 437, 374, 278, 304, 432, 433, 366, 42, 122, 144, 183, 346, 218, 342, 214, 19, 324, 449, 118, 358, 434, 370, 311, 496, 171, 415, 132, 206, 293, 263, 154, 474, 108, 489, 392, 187, 254, 18, 396, 169, 494, 186, 21, 197, 8, 84, 211, 151, 356, 149, 295, 394, 334, 335, 70, 475, 429, 344, 363, 294, 53, 498, 52, 131, 499, 376, 181, 265, 57, 354, 56, 155, 405, 137, 483, 246, 150, 352, 237, 287, 87, 296, 43, 117, 367, 484, 107, 353, 113, 129, 321, 457, 80, 239, 135, 384, 389, 387, 213, 492, 330, 219, 280, 313, 75, 69, 385, 479, 101, 58, 55, 198, 62, 247, 364, 172, 470, 230, 361, 105, 170, 68, 329, 142, 350, 340, 12, 208, 316, 459, 128, 371, 491, 5, 310, 273, 420, 35, 27, 417, 349, 180, 174, 209, 47, 54, 277, 66, 77, 443, 400, 164, 78, 451, 461, 401, 106, 425, 49, 426, 41, 339, 472, 326, 146, 7, 79, 65, 408, 162, 301, 406, 493, 34, 314, 402, 381, 487, 127, 148, 39, 238, 29, 109, 284, 141, 411, 233, 102, 10, 490, 100, 236, 158, 92, 103, 446, 217, 226, 453, 409, 427, 177, 404, 266, 73, 424, 234, 167, 465, 407, 38, 373, 82, 375, 140, 488, 303, 267, 124, 32, 134, 61, 270, 269, 478, 289, 250, 120, 308, 204, 63, 248, 22, 315, 300, 175, 268, 423, 322, 292, 0, 403, 435, 184, 430, 261, 81, 260, 25, 83, 357, 306, 126, 327, 471, 288, 182, 337, 378, 125, 372, 189, 244, 179, 391, 33, 112, 379, 262, 317, 104, 436, 362, 163, 93, 89, 59, 285, 30, 452, 249, 207, 421, 240, 318, 165, 11, 466, 410, 72, 388, 15, 482, 114, 2, 193, 331, 85, 3, 460, 395, 229, 386, 24, 133, 50, 215, 393, 168, 227, 455]
35465
Execution time: 1225.393358707428

First solution:
[68, 291, 433, 410, 391, 32, 130, 60, 253, 389, 230, 241, 333, 194, 403, 107, 48, 249, 14, 457, 427, 199, 221, 311, 390, 392, 1, 356, 228, 136, 369, 496, 117, 302, 52, 461, 162, 15, 11, 13, 332, 277, 4, 451, 195, 351, 110, 216, 371, 481, 270, 113, 495, 224, 491, 283, 119, 176, 118, 346, 112, 490, 235, 148, 464, 213, 428, 284, 328, 51, 95, 322, 370, 151, 61, 380, 170, 469, 364, 256, 452, 259, 343, 97, 155, 145, 300, 255, 258, 201, 301, 17, 245, 124, 424, 206, 212, 340, 88, 187, 280, 359, 397, 345, 377, 191, 44, 446, 339, 260, 55, 83, 266, 468, 189, 250, 375, 462, 240, 22, 157, 360, 314, 303, 296, 386, 331, 87, 86, 257, 116, 6, 102, 276, 399, 441, 207, 263, 442, 295, 180, 437, 137, 337, 365, 476, 2, 196, 262, 66, 265, 287, 105, 218, 28, 246, 186, 498, 444, 367, 411, 211, 248, 182, 485, 177, 0, 275, 366, 319, 313, 169, 234, 307, 450, 467, 90, 281, 299, 92, 46, 282, 493, 16, 36, 42, 8, 231, 7, 143, 127, 357, 56, 94, 361, 436, 35, 85, 81, 317, 449, 456, 139, 150, 232, 164, 254, 242, 58, 12, 159, 197, 175, 215, 96, 132, 438, 129, 261, 484, 477, 10, 115, 9, 203, 74, 18, 82, 471, 418, 440, 439, 264, 489, 114, 382, 202, 294, 269, 30, 152, 64, 108, 24, 156, 273, 219, 19, 79, 327, 381, 76, 190, 40, 106, 144, 447, 33, 353, 310, 474, 217, 373, 426, 209, 341, 387, 414, 324, 43, 338, 222, 271, 478, 398, 289, 413, 237, 285, 430, 401, 25, 465, 146, 172, 453, 236, 49, 126, 26, 423, 99, 75, 318, 309, 480, 388, 412, 402, 72, 204, 344, 220, 459, 244, 34, 298, 109, 54, 499, 286, 420, 416, 140, 445, 348, 470, 406, 183, 492, 316, 278, 21, 486, 233, 395, 308, 394, 247, 466, 153, 404, 65, 306, 193, 372, 29, 274, 225, 154, 125, 305, 304, 141, 210, 272, 178, 104, 293, 400, 37, 494, 454, 163, 279, 252, 417, 57, 20, 171, 93, 363, 181, 419, 312, 70, 27, 435, 138, 3, 223, 23, 347, 325, 205, 448, 101, 5, 188, 475, 100, 131, 53, 362, 229, 142, 334, 147, 120, 422, 429, 479, 460, 384, 483, 103, 69, 149, 134, 379, 91, 425, 198, 290, 415, 352, 383, 122, 168, 473, 374, 472, 297, 349, 50, 268, 288, 329, 160, 84, 185, 342, 458, 443, 133, 321, 161, 45, 292, 128, 463, 192, 39, 497, 31, 330, 431, 238, 408, 320, 239, 396, 73, 41, 315, 326, 336, 77, 121, 455, 488, 214, 432, 59, 89, 358, 267, 135, 368, 158, 67, 200, 165, 184, 62, 323, 407, 350, 226, 409, 98, 421, 335, 123, 78, 487, 243, 166, 227, 47, 71, 393, 167, 208, 63, 80, 111, 434, 251, 482, 378, 174, 38, 355, 405, 173, 385, 354, 179, 376]
First solution value:
36642
Execution: 1 Seed: 1
Final solution and makespan:
[346, 39, 218, 378, 403, 490, 285, 316, 484, 82, 464, 151, 344, 320, 465, 171, 418, 447, 72, 121, 470, 0, 40, 265, 164, 273, 289, 332, 383, 283, 351, 5, 167, 247, 62, 99, 112, 90, 263, 282, 115, 407, 49, 28, 46, 124, 175, 255, 286, 220, 84, 296, 1, 413, 67, 68, 165, 352, 300, 60, 108, 408, 73, 425, 117, 153, 404, 268, 10, 421, 310, 203, 270, 172, 369, 448, 364, 338, 471, 219, 107, 357, 239, 302, 420, 126, 100, 433, 127, 158, 17, 314, 133, 240, 97, 32, 21, 251, 416, 497, 182, 176, 385, 43, 423, 284, 370, 339, 324, 469, 18, 443, 330, 379, 246, 178, 94, 381, 299, 482, 168, 499, 313, 337, 272, 340, 163, 472, 173, 238, 291, 139, 184, 11, 248, 304, 354, 205, 33, 456, 191, 227, 442, 477, 459, 58, 87, 303, 392, 305, 199, 65, 498, 389, 95, 271, 361, 441, 295, 214, 116, 66, 109, 489, 406, 123, 196, 359, 411, 264, 341, 30, 56, 59, 334, 9, 54, 96, 435, 250, 38, 231, 293, 53, 154, 496, 371, 237, 257, 211, 157, 363, 142, 417, 428, 415, 52, 335, 290, 333, 312, 119, 147, 262, 388, 222, 101, 135, 261, 336, 391, 398, 161, 13, 487, 195, 189, 148, 180, 152, 76, 254, 64, 318, 444, 292, 450, 102, 77, 419, 170, 7, 125, 206, 294, 181, 202, 143, 71, 186, 216, 185, 405, 373, 410, 483, 488, 50, 256, 74, 132, 287, 480, 26, 436, 226, 245, 454, 400, 25, 8, 200, 34, 427, 451, 353, 438, 22, 491, 402, 4, 439, 233, 431, 210, 150, 75, 267, 83, 120, 355, 225, 221, 277, 492, 260, 6, 61, 194, 434, 374, 343, 321, 274, 445, 192, 401, 106, 307, 201, 244, 473, 70, 375, 348, 42, 3, 380, 384, 278, 114, 118, 362, 207, 51, 81, 63, 16, 455, 466, 235, 356, 437, 93, 460, 14, 215, 183, 315, 111, 301, 494, 281, 212, 440, 174, 146, 350, 325, 198, 113, 366, 122, 197, 394, 458, 162, 328, 187, 479, 177, 217, 160, 249, 258, 481, 141, 266, 36, 105, 259, 136, 208, 243, 453, 188, 223, 156, 24, 204, 48, 414, 468, 432, 12, 329, 308, 399, 229, 317, 280, 386, 241, 452, 467, 85, 110, 457, 422, 475, 397, 213, 138, 279, 166, 319, 45, 37, 193, 463, 129, 130, 393, 104, 297, 342, 269, 29, 27, 253, 98, 242, 224, 309, 462, 485, 382, 137, 493, 234, 372, 358, 2, 367, 474, 228, 236, 230, 446, 276, 20, 169, 89, 306, 365, 275, 232, 69, 86, 145, 15, 79, 409, 252, 55, 495, 349, 144, 92, 395, 412, 311, 47, 429, 327, 91, 396, 88, 31, 19, 376, 80, 288, 478, 44, 486, 424, 190, 134, 345, 23, 149, 179, 35, 331, 347, 128, 57, 159, 155, 368, 41, 449, 322, 103, 326, 377, 140, 298, 426, 360, 476, 461, 131, 323, 209, 387, 390, 430, 78]
35361
Execution time: 1210.1671688556671

First solution:
[489, 441, 485, 434, 28, 46, 43, 184, 427, 86, 376, 414, 342, 437, 157, 128, 310, 108, 483, 18, 297, 348, 81, 220, 326, 201, 411, 370, 440, 260, 190, 278, 227, 257, 137, 461, 480, 445, 14, 186, 238, 163, 194, 216, 452, 269, 84, 286, 90, 120, 118, 12, 451, 166, 88, 69, 261, 443, 492, 263, 345, 455, 93, 228, 407, 212, 499, 268, 390, 460, 404, 303, 181, 185, 436, 82, 386, 204, 366, 378, 236, 335, 271, 127, 250, 142, 255, 256, 471, 435, 491, 338, 232, 419, 179, 290, 371, 285, 472, 233, 249, 337, 113, 446, 358, 85, 315, 465, 245, 158, 155, 361, 258, 287, 265, 259, 333, 393, 301, 208, 159, 374, 106, 415, 262, 187, 350, 319, 38, 174, 4, 97, 54, 30, 294, 334, 25, 139, 302, 116, 349, 367, 267, 444, 136, 125, 107, 421, 456, 16, 29, 426, 498, 462, 416, 344, 448, 42, 58, 34, 343, 20, 10, 191, 130, 65, 80, 94, 357, 0, 197, 381, 22, 126, 77, 463, 2, 176, 382, 57, 146, 172, 433, 15, 497, 229, 282, 309, 23, 135, 205, 78, 242, 115, 47, 161, 52, 339, 314, 364, 385, 474, 399, 473, 167, 73, 401, 132, 134, 214, 9, 402, 71, 359, 129, 17, 67, 424, 87, 49, 410, 449, 470, 373, 475, 119, 467, 37, 484, 41, 360, 347, 131, 351, 488, 323, 325, 324, 196, 209, 313, 56, 44, 123, 428, 363, 5, 494, 192, 59, 26, 55, 6, 133, 171, 468, 454, 79, 392, 164, 368, 395, 175, 279, 457, 53, 430, 206, 111, 482, 418, 253, 148, 151, 13, 353, 291, 273, 252, 24, 169, 312, 122, 486, 369, 292, 352, 156, 266, 74, 322, 95, 308, 215, 237, 105, 254, 479, 207, 50, 198, 318, 406, 306, 316, 422, 458, 124, 244, 234, 150, 321, 375, 1, 72, 247, 380, 298, 19, 387, 354, 280, 438, 372, 183, 100, 336, 35, 346, 101, 31, 300, 219, 295, 408, 188, 394, 293, 459, 202, 432, 431, 450, 11, 439, 210, 91, 117, 36, 218, 68, 412, 223, 217, 224, 405, 75, 170, 317, 40, 144, 66, 109, 21, 476, 420, 153, 45, 272, 377, 284, 327, 289, 276, 251, 331, 178, 177, 447, 193, 397, 281, 487, 180, 417, 283, 226, 464, 409, 356, 96, 304, 388, 152, 138, 396, 246, 168, 32, 355, 165, 141, 121, 213, 51, 429, 365, 147, 98, 243, 3, 76, 222, 311, 200, 102, 379, 61, 199, 189, 299, 413, 60, 221, 70, 328, 398, 495, 149, 481, 383, 48, 400, 140, 103, 453, 442, 182, 83, 114, 203, 225, 391, 274, 403, 143, 341, 384, 230, 477, 173, 145, 288, 362, 320, 423, 104, 39, 8, 330, 154, 27, 241, 275, 307, 496, 277, 469, 329, 340, 235, 478, 195, 305, 162, 64, 264, 92, 248, 211, 112, 270, 239, 231, 33, 296, 389, 466, 425, 490, 62, 493, 99, 110, 160, 89, 63, 332, 7, 240]
First solution value:
36039
Execution: 2 Seed: 2
Final solution and makespan:
[16, 204, 185, 416, 406, 166, 340, 260, 473, 311, 454, 10, 39, 138, 140, 240, 88, 148, 492, 29, 227, 167, 189, 193, 478, 274, 107, 78, 396, 210, 471, 92, 267, 272, 414, 21, 221, 355, 384, 487, 75, 70, 209, 317, 36, 149, 96, 66, 282, 300, 214, 83, 261, 435, 296, 341, 18, 252, 160, 307, 101, 165, 285, 427, 128, 361, 401, 191, 472, 474, 425, 446, 235, 9, 218, 394, 385, 497, 476, 82, 276, 335, 499, 258, 331, 85, 46, 187, 344, 493, 183, 460, 429, 395, 47, 292, 366, 312, 64, 40, 418, 467, 419, 475, 436, 69, 481, 431, 310, 45, 320, 398, 41, 280, 220, 304, 387, 321, 17, 343, 168, 264, 379, 255, 319, 154, 381, 60, 357, 305, 247, 495, 324, 245, 106, 162, 327, 392, 205, 121, 409, 117, 386, 403, 270, 100, 237, 169, 198, 349, 238, 362, 250, 119, 284, 105, 456, 58, 226, 356, 447, 337, 216, 144, 433, 348, 71, 219, 428, 73, 369, 87, 461, 371, 485, 42, 297, 182, 434, 268, 377, 329, 111, 303, 417, 178, 129, 491, 142, 438, 62, 76, 63, 53, 490, 5, 11, 342, 451, 188, 164, 466, 194, 359, 445, 263, 286, 302, 156, 477, 353, 463, 352, 450, 202, 54, 0, 421, 199, 95, 171, 301, 102, 233, 400, 266, 51, 430, 452, 316, 439, 186, 122, 141, 441, 225, 159, 326, 465, 184, 136, 179, 231, 197, 345, 422, 13, 334, 127, 79, 458, 283, 150, 30, 77, 98, 313, 287, 208, 211, 176, 253, 152, 294, 277, 380, 131, 90, 132, 279, 328, 112, 482, 271, 289, 215, 172, 234, 437, 256, 114, 110, 173, 232, 412, 322, 407, 59, 470, 31, 118, 37, 27, 376, 230, 38, 125, 175, 486, 61, 123, 137, 134, 388, 222, 358, 212, 496, 3, 153, 68, 146, 50, 109, 80, 464, 116, 442, 213, 411, 479, 239, 126, 180, 498, 14, 483, 81, 207, 206, 229, 449, 333, 390, 259, 373, 35, 318, 55, 242, 1, 26, 423, 91, 402, 249, 120, 246, 33, 161, 236, 52, 223, 157, 325, 440, 19, 459, 104, 228, 72, 293, 308, 190, 143, 426, 290, 295, 224, 57, 181, 360, 74, 413, 488, 374, 201, 23, 346, 84, 275, 367, 20, 49, 147, 468, 6, 432, 278, 354, 368, 89, 130, 97, 339, 257, 56, 455, 315, 424, 370, 265, 195, 448, 336, 34, 192, 269, 15, 94, 383, 170, 44, 196, 273, 291, 8, 397, 314, 12, 200, 365, 4, 115, 444, 124, 262, 22, 177, 281, 24, 420, 243, 99, 309, 145, 415, 139, 347, 494, 93, 133, 135, 151, 484, 364, 378, 248, 65, 244, 254, 217, 298, 108, 306, 103, 372, 389, 408, 469, 462, 67, 393, 158, 288, 399, 391, 155, 2, 241, 43, 48, 350, 86, 351, 443, 163, 323, 32, 332, 404, 453, 363, 382, 25, 489, 113, 7, 251, 410, 338, 480, 330, 174, 405, 375, 203, 299, 28, 457]
35385
Execution time: 828.6600239276886

First solution:
[121, 303, 278, 66, 189, 468, 309, 242, 320, 297, 33, 310, 6, 465, 428, 240, 132, 282, 119, 98, 367, 484, 276, 485, 281, 243, 203, 327, 440, 77, 118, 325, 470, 444, 267, 199, 379, 7, 343, 397, 32, 81, 388, 302, 21, 154, 399, 15, 421, 443, 137, 492, 304, 368, 198, 365, 403, 218, 202, 372, 410, 295, 227, 68, 187, 49, 18, 69, 253, 111, 483, 344, 223, 398, 491, 454, 215, 259, 197, 293, 179, 273, 299, 208, 417, 469, 172, 349, 14, 143, 488, 461, 356, 83, 357, 167, 277, 292, 291, 53, 466, 335, 108, 324, 420, 136, 145, 63, 459, 246, 472, 247, 45, 176, 34, 210, 467, 10, 150, 442, 212, 60, 22, 493, 314, 23, 193, 479, 300, 169, 482, 142, 258, 120, 433, 158, 3, 39, 55, 307, 274, 16, 101, 416, 149, 312, 134, 79, 455, 173, 160, 184, 70, 373, 192, 235, 266, 451, 329, 447, 286, 52, 317, 422, 138, 220, 396, 499, 424, 427, 429, 408, 155, 280, 350, 5, 463, 296, 161, 382, 345, 315, 301, 436, 30, 170, 238, 180, 354, 446, 250, 11, 337, 31, 425, 495, 128, 233, 152, 163, 90, 186, 94, 412, 340, 135, 153, 346, 400, 13, 67, 364, 256, 113, 449, 122, 404, 95, 222, 434, 338, 164, 375, 114, 224, 86, 40, 413, 430, 230, 426, 115, 61, 17, 97, 321, 93, 409, 174, 43, 386, 496, 423, 355, 269, 414, 88, 162, 106, 74, 107, 393, 104, 9, 476, 105, 362, 51, 1, 284, 213, 225, 159, 130, 271, 439, 183, 56, 8, 190, 116, 214, 319, 370, 191, 341, 73, 139, 87, 58, 328, 381, 330, 318, 207, 62, 308, 231, 205, 177, 131, 50, 110, 147, 12, 363, 123, 270, 216, 260, 498, 76, 486, 226, 333, 353, 285, 244, 290, 156, 29, 221, 391, 64, 255, 478, 452, 415, 232, 407, 306, 394, 201, 200, 342, 347, 435, 241, 124, 322, 146, 102, 211, 432, 392, 316, 288, 194, 133, 460, 313, 332, 82, 0, 411, 494, 239, 419, 283, 219, 473, 323, 377, 209, 464, 125, 80, 418, 234, 453, 89, 480, 99, 383, 92, 289, 48, 84, 109, 360, 331, 441, 265, 405, 305, 72, 206, 195, 47, 334, 178, 406, 100, 166, 264, 458, 168, 348, 352, 361, 487, 371, 141, 165, 127, 475, 262, 401, 431, 339, 366, 2, 236, 27, 497, 385, 126, 75, 390, 54, 28, 182, 358, 204, 41, 450, 71, 489, 456, 59, 477, 252, 268, 237, 103, 171, 369, 445, 248, 378, 140, 384, 326, 112, 395, 151, 481, 65, 279, 272, 351, 117, 263, 462, 261, 57, 181, 336, 217, 44, 229, 37, 19, 471, 185, 36, 129, 157, 245, 196, 35, 294, 474, 359, 251, 20, 228, 4, 85, 46, 490, 402, 389, 275, 287, 24, 298, 148, 42, 26, 374, 249, 380, 376, 387, 38, 25, 311, 96, 437, 78, 188, 457, 257, 448, 438, 91, 254, 144, 175]
First solution value:
35922
Execution: 3 Seed: 3