First solution:
[432, 197, 388, 455, 215, 20, 132, 261, 248, 207, 470, 401, 424, 155, 244, 183, 298, 456, 464, 111, 258, 71, 144, 478, 386, 48, 316, 409, 128, 465, 272, 361, 414, 308, 461, 75, 158, 50, 373, 37, 435, 350, 169, 241, 286, 51, 181, 222, 161, 312, 327, 104, 282, 485, 226, 443, 266, 133, 31, 412, 280, 7, 47, 368, 430, 204, 363, 422, 488, 342, 320, 0, 313, 252, 423, 170, 124, 489, 166, 360, 32, 97, 290, 113, 122, 411, 72, 467, 278, 229, 46, 41, 163, 260, 250, 55, 154, 447, 149, 468, 63, 439, 487, 276, 448, 466, 398, 300, 147, 227, 472, 305, 498, 162, 294, 123, 148, 94, 96, 95, 16, 427, 336, 442, 243, 35, 45, 347, 66, 76, 19, 408, 358, 396, 349, 200, 400, 268, 141, 267, 120, 110, 372, 301, 214, 296, 140, 230, 426, 338, 328, 182, 42, 421, 378, 59, 249, 392, 322, 171, 418, 425, 8, 138, 344, 112, 190, 87, 397, 218, 441, 454, 74, 334, 23, 293, 273, 394, 460, 13, 399, 381, 310, 385, 61, 364, 389, 189, 335, 18, 11, 99, 382, 319, 245, 107, 329, 309, 440, 217, 365, 376, 374, 416, 36, 403, 179, 223, 92, 303, 257, 239, 494, 299, 314, 102, 483, 484, 240, 86, 395, 29, 81, 82, 175, 271, 471, 60, 445, 89, 6, 482, 209, 406, 159, 348, 198, 323, 78, 269, 234, 40, 340, 325, 143, 34, 315, 195, 446, 384, 90, 156, 73, 172, 91, 151, 242, 228, 475, 330, 463, 33, 402, 79, 341, 191, 106, 212, 346, 287, 428, 152, 49, 178, 85, 479, 253, 57, 407, 114, 318, 453, 246, 145, 233, 337, 284, 324, 216, 304, 387, 457, 281, 302, 357, 220, 379, 371, 232, 224, 434, 135, 458, 255, 473, 193, 410, 9, 126, 83, 236, 119, 12, 495, 474, 353, 362, 21, 238, 3, 213, 173, 186, 80, 194, 54, 180, 275, 263, 491, 25, 185, 30, 486, 462, 77, 476, 345, 208, 121, 101, 352, 5, 70, 115, 356, 65, 254, 283, 88, 351, 39, 221, 4, 10, 211, 52, 202, 176, 93, 477, 259, 117, 480, 380, 499, 53, 219, 449, 2, 297, 38, 69, 205, 43, 265, 437, 497, 206, 125, 235, 450, 146, 157, 375, 288, 369, 131, 321, 237, 165, 331, 203, 136, 14, 292, 184, 167, 444, 383, 22, 142, 103, 192, 262, 496, 377, 289, 251, 429, 187, 391, 279, 469, 359, 225, 15, 332, 105, 306, 174, 137, 291, 339, 354, 264, 413, 168, 160, 355, 139, 451, 28, 438, 390, 1, 270, 68, 129, 490, 317, 67, 417, 109, 177, 134, 84, 343, 27, 116, 256, 277, 210, 404, 127, 307, 433, 188, 98, 492, 64, 393, 58, 415, 436, 452, 62, 405, 196, 199, 100, 164, 420, 481, 285, 274, 44, 247, 295, 150, 17, 367, 24, 333, 311, 493, 153, 118, 326, 231, 108, 366, 56, 201, 26, 370, 431, 130, 459, 419]
First solution value:
33981
Execution: 0 Seed: 0
Final solution and makespan:
[312, 335, 97, 163, 43, 327, 348, 117, 336, 239, 212, 139, 333, 39, 54, 21, 396, 244, 102, 262, 408, 132, 379, 318, 183, 256, 218, 293, 345, 233, 467, 471, 305, 463, 315, 113, 246, 464, 298, 90, 444, 285, 478, 249, 88, 33, 162, 368, 83, 95, 413, 229, 490, 100, 227, 98, 30, 446, 230, 431, 417, 369, 330, 288, 313, 290, 85, 429, 236, 222, 16, 468, 270, 427, 454, 343, 349, 148, 14, 165, 361, 5, 316, 61, 22, 258, 398, 358, 250, 159, 197, 29, 158, 362, 448, 319, 7, 457, 44, 377, 164, 436, 432, 160, 71, 156, 424, 484, 40, 195, 496, 133, 438, 104, 126, 130, 352, 300, 226, 465, 425, 477, 129, 397, 6, 77, 225, 499, 208, 449, 278, 382, 304, 470, 13, 180, 220, 301, 240, 49, 251, 23, 184, 64, 32, 269, 190, 309, 498, 52, 385, 434, 254, 3, 134, 18, 491, 232, 423, 171, 260, 209, 217, 84, 189, 96, 172, 412, 366, 9, 55, 310, 193, 282, 458, 321, 60, 114, 421, 50, 38, 224, 274, 109, 145, 235, 66, 147, 93, 76, 341, 482, 381, 371, 443, 58, 287, 376, 447, 255, 359, 265, 175, 166, 360, 59, 234, 68, 451, 86, 144, 384, 80, 353, 426, 445, 67, 151, 149, 373, 307, 115, 101, 27, 26, 72, 409, 476, 428, 128, 20, 411, 494, 247, 303, 474, 11, 440, 356, 497, 271, 69, 280, 355, 25, 453, 41, 391, 46, 400, 157, 92, 416, 299, 495, 354, 205, 389, 450, 103, 399, 8, 1, 207, 201, 168, 340, 324, 237, 283, 346, 273, 200, 24, 173, 374, 31, 223, 194, 12, 170, 45, 213, 452, 388, 314, 297, 63, 405, 257, 294, 206, 155, 186, 261, 169, 142, 136, 174, 375, 393, 167, 328, 70, 323, 47, 143, 460, 35, 118, 272, 339, 439, 198, 185, 121, 401, 302, 479, 231, 4, 91, 248, 62, 131, 105, 410, 402, 2, 56, 435, 120, 215, 138, 15, 281, 42, 10, 418, 456, 437, 119, 216, 277, 268, 475, 394, 210, 487, 122, 204, 214, 199, 317, 455, 364, 28, 125, 253, 284, 106, 263, 264, 390, 404, 286, 338, 188, 414, 403, 344, 357, 279, 493, 406, 326, 331, 135, 466, 378, 363, 243, 152, 17, 306, 53, 177, 370, 420, 140, 483, 342, 407, 245, 459, 291, 73, 191, 433, 386, 387, 181, 48, 116, 99, 350, 430, 211, 74, 259, 178, 238, 202, 81, 441, 462, 242, 419, 221, 141, 422, 276, 332, 94, 292, 182, 161, 252, 65, 75, 127, 124, 347, 481, 37, 219, 392, 308, 187, 372, 383, 365, 137, 78, 176, 329, 473, 82, 367, 472, 150, 110, 146, 469, 442, 79, 57, 179, 112, 415, 51, 203, 486, 266, 34, 19, 196, 325, 267, 311, 461, 89, 480, 36, 489, 154, 337, 289, 320, 0, 485, 295, 322, 395, 108, 492, 296, 153, 111, 380, 275, 228, 87, 351, 107, 123, 488, 192, 241, 334]
32748
Execution time: 117.88197541236877

First solution:
[68, 291, 433, 410, 391, 32, 130, 60, 253, 389, 230, 241, 333, 194, 403, 107, 48, 249, 14, 457, 427, 199, 221, 311, 390, 392, 1, 356, 228, 136, 369, 496, 117, 302, 52, 461, 162, 15, 11, 13, 332, 277, 4, 451, 195, 351, 110, 216, 371, 481, 270, 113, 495, 224, 491, 283, 119, 176, 118, 346, 112, 490, 235, 148, 464, 213, 428, 284, 328, 51, 95, 322, 370, 151, 61, 380, 170, 469, 364, 256, 452, 259, 343, 97, 155, 145, 300, 255, 258, 201, 301, 17, 245, 124, 424, 206, 212, 340, 88, 187, 280, 359, 397, 345, 377, 191, 44, 446, 339, 260, 55, 83, 266, 468, 189, 250, 375, 462, 240, 22, 157, 360, 314, 303, 296, 386, 331, 87, 86, 257, 116, 6, 102, 276, 399, 441, 207, 263, 442, 295, 180, 437, 137, 337, 365, 476, 2, 196, 262, 66, 265, 287, 105, 218, 28, 246, 186, 498, 444, 367, 411, 211, 248, 182, 485, 177, 0, 275, 366, 319, 313, 169, 234, 307, 450, 467, 90, 281, 299, 92, 46, 282, 493, 16, 36, 42, 8, 231, 7, 143, 127, 357, 56, 94, 361, 436, 35, 85, 81, 317, 449, 456, 139, 150, 232, 164, 254, 242, 58, 12, 159, 197, 175, 215, 96, 132, 438, 129, 261, 484, 477, 10, 115, 9, 203, 74, 18, 82, 471, 418, 440, 439, 264, 489, 114, 382, 202, 294, 269, 30, 152, 64, 108, 24, 156, 273, 219, 19, 79, 327, 381, 76, 190, 40, 106, 144, 447, 33, 353, 310, 474, 217, 373, 426, 209, 341, 387, 414, 324, 43, 338, 222, 271, 478, 398, 289, 413, 237, 285, 430, 401, 25, 465, 146, 172, 453, 236, 49, 126, 26, 423, 99, 75, 318, 309, 480, 388, 412, 402, 72, 204, 344, 220, 459, 244, 34, 298, 109, 54, 499, 286, 420, 416, 140, 445, 348, 470, 406, 183, 492, 316, 278, 21, 486, 233, 395, 308, 394, 247, 466, 153, 404, 65, 306, 193, 372, 29, 274, 225, 154, 125, 305, 304, 141, 210, 272, 178, 104, 293, 400, 37, 494, 454, 163, 279, 252, 417, 57, 20, 171, 93, 363, 181, 419, 312, 70, 27, 435, 138, 3, 223, 23, 347, 325, 205, 448, 101, 5, 188, 475, 100, 131, 53, 362, 229, 142, 334, 147, 120, 422, 429, 479, 460, 384, 483, 103, 69, 149, 134, 379, 91, 425, 198, 290, 415, 352, 383, 122, 168, 473, 374, 472, 297, 349, 50, 268, 288, 329, 160, 84, 185, 342, 458, 443, 133, 321, 161, 45, 292, 128, 463, 192, 39, 497, 31, 330, 431, 238, 408, 320, 239, 396, 73, 41, 315, 326, 336, 77, 121, 455, 488, 214, 432, 59, 89, 358, 267, 135, 368, 158, 67, 200, 165, 184, 62, 323, 407, 350, 226, 409, 98, 421, 335, 123, 78, 487, 243, 166, 227, 47, 71, 393, 167, 208, 63, 80, 111, 434, 251, 482, 378, 174, 38, 355, 405, 173, 385, 354, 179, 376]
First solution value:
34055
Execution: 1 Seed: 1
Final solution and makespan:
[426, 57, 87, 207, 117, 192, 107, 241, 223, 60, 68, 159, 43, 388, 261, 168, 390, 58, 6, 445, 475, 188, 284, 453, 52, 492, 418, 413, 27, 259, 385, 167, 279, 346, 248, 144, 160, 250, 497, 234, 51, 243, 315, 119, 219, 285, 196, 86, 198, 469, 340, 76, 304, 260, 409, 98, 66, 465, 412, 101, 311, 299, 174, 373, 368, 108, 193, 464, 135, 132, 71, 31, 85, 411, 357, 183, 374, 416, 360, 339, 266, 15, 221, 151, 88, 242, 224, 158, 348, 222, 200, 399, 96, 226, 297, 63, 206, 94, 67, 467, 8, 276, 387, 45, 436, 12, 292, 155, 0, 471, 496, 397, 141, 5, 65, 322, 124, 401, 36, 61, 173, 477, 265, 327, 84, 225, 499, 208, 18, 331, 19, 110, 356, 17, 16, 306, 10, 191, 273, 371, 450, 130, 236, 478, 48, 353, 142, 472, 345, 83, 275, 288, 414, 274, 406, 93, 178, 247, 379, 302, 330, 398, 431, 136, 157, 95, 121, 13, 75, 22, 391, 303, 73, 126, 488, 484, 190, 106, 216, 114, 164, 122, 332, 33, 100, 147, 55, 310, 175, 383, 204, 133, 217, 473, 491, 172, 102, 237, 463, 199, 187, 443, 363, 433, 483, 89, 186, 264, 49, 422, 434, 381, 34, 150, 249, 245, 232, 377, 300, 359, 375, 79, 362, 38, 405, 137, 146, 214, 220, 268, 451, 14, 231, 179, 326, 442, 116, 432, 227, 386, 21, 203, 3, 54, 354, 118, 90, 365, 112, 400, 212, 113, 257, 438, 361, 449, 466, 163, 479, 70, 123, 474, 280, 335, 152, 283, 78, 448, 184, 2, 308, 402, 447, 176, 437, 246, 494, 256, 305, 230, 312, 239, 104, 182, 319, 351, 495, 169, 461, 293, 91, 425, 420, 166, 470, 32, 74, 498, 296, 291, 325, 342, 309, 35, 404, 333, 9, 481, 272, 210, 64, 384, 458, 154, 263, 350, 313, 393, 111, 149, 429, 328, 26, 103, 271, 454, 105, 281, 456, 355, 177, 301, 323, 218, 115, 270, 428, 486, 23, 392, 415, 1, 278, 394, 343, 468, 254, 487, 156, 298, 358, 252, 82, 171, 165, 40, 446, 286, 262, 366, 127, 395, 378, 251, 240, 238, 129, 277, 403, 4, 369, 490, 59, 197, 382, 180, 372, 39, 211, 25, 480, 476, 347, 189, 148, 427, 228, 430, 294, 367, 131, 46, 307, 421, 417, 50, 493, 53, 145, 120, 77, 138, 441, 139, 201, 459, 439, 410, 215, 408, 419, 316, 364, 460, 233, 56, 295, 205, 485, 440, 185, 161, 20, 344, 457, 318, 134, 452, 47, 99, 170, 321, 287, 42, 435, 44, 455, 143, 194, 80, 337, 97, 37, 314, 320, 352, 202, 317, 267, 162, 229, 69, 195, 62, 92, 324, 380, 28, 349, 213, 444, 153, 329, 290, 407, 253, 462, 396, 140, 282, 423, 255, 11, 81, 376, 244, 389, 489, 30, 269, 341, 235, 289, 181, 24, 482, 370, 29, 258, 72, 109, 128, 424, 334, 209, 338, 125, 41, 7, 336]
32773
Execution time: 70.33289122581482

First solution:
[489, 441, 485, 434, 28, 46, 43, 184, 427, 86, 376, 414, 342, 437, 157, 128, 310, 108, 483, 18, 297, 348, 81, 220, 326, 201, 411, 370, 440, 260, 190, 278, 227, 257, 137, 461, 480, 445, 14, 186, 238, 163, 194, 216, 452, 269, 84, 286, 90, 120, 118, 12, 451, 166, 88, 69, 261, 443, 492, 263, 345, 455, 93, 228, 407, 212, 499, 268, 390, 460, 404, 303, 181, 185, 436, 82, 386, 204, 366, 378, 236, 335, 271, 127, 250, 142, 255, 256, 471, 435, 491, 338, 232, 419, 179, 290, 371, 285, 472, 233, 249, 337, 113, 446, 358, 85, 315, 465, 245, 158, 155, 361, 258, 287, 265, 259, 333, 393, 301, 208, 159, 374, 106, 415, 262, 187, 350, 319, 38, 174, 4, 97, 54, 30, 294, 334, 25, 139, 302, 116, 349, 367, 267, 444, 136, 125, 107, 421, 456, 16, 29, 426, 498, 462, 416, 344, 448, 42, 58, 34, 343, 20, 10, 191, 130, 65, 80, 94, 357, 0, 197, 381, 22, 126, 77, 463, 2, 176, 382, 57, 146, 172, 433, 15, 497, 229, 282, 309, 23, 135, 205, 78, 242, 115, 47, 161, 52, 339, 314, 364, 385, 474, 399, 473, 167, 73, 401, 132, 134, 214, 9, 402, 71, 359, 129, 17, 67, 424, 87, 49, 410, 449, 470, 373, 475, 119, 467, 37, 484, 41, 360, 347, 131, 351, 488, 323, 325, 324, 196, 209, 313, 56, 44, 123, 428, 363, 5, 494, 192, 59, 26, 55, 6, 133, 171, 468, 454, 79, 392, 164, 368, 395, 175, 279, 457, 53, 430, 206, 111, 482, 418, 253, 148, 151, 13, 353, 291, 273, 252, 24, 169, 312, 122, 486, 369, 292, 352, 156, 266, 74, 322, 95, 308, 215, 237, 105, 254, 479, 207, 50, 198, 318, 406, 306, 316, 422, 458, 124, 244, 234, 150, 321, 375, 1, 72, 247, 380, 298, 19, 387, 354, 280, 438, 372, 183, 100, 336, 35, 346, 101, 31, 300, 219, 295, 408, 188, 394, 293, 459, 202, 432, 431, 450, 11, 439, 210, 91, 117, 36, 218, 68, 412, 223, 217, 224, 405, 75, 170, 317, 40, 144, 66, 109, 21, 476, 420, 153, 45, 272, 377, 284, 327, 289, 276, 251, 331, 178, 177, 447, 193, 397, 281, 487, 180, 417, 283, 226, 464, 409, 356, 96, 304, 388, 152, 138, 396, 246, 168, 32, 355, 165, 141, 121, 213, 51, 429, 365, 147, 98, 243, 3, 76, 222, 311, 200, 102, 379, 61, 199, 189, 299, 413, 60, 221, 70, 328, 398, 495, 149, 481, 383, 48, 400, 140, 103, 453, 442, 182, 83, 114, 203, 225, 391, 274, 403, 143, 341, 384, 230, 477, 173, 145, 288, 362, 320, 423, 104, 39, 8, 330, 154, 27, 241, 275, 307, 496, 277, 469, 329, 340, 235, 478, 195, 305, 162, 64, 264, 92, 248, 211, 112, 270, 239, 231, 33, 296, 389, 466, 425, 490, 62, 493, 99, 110, 160, 89, 63, 332, 7, 240]
First solution value:
34086
Execution: 2 Seed: 2
Final solution and makespan:
[93, 336, 73, 493, 441, 82, 470, 478, 421, 383, 350, 270, 86, 278, 123, 181, 179, 456, 334, 56, 259, 368, 389, 495, 161, 303, 431, 394, 279, 17, 401, 4, 448, 238, 483, 474, 479, 209, 316, 243, 26, 39, 400, 191, 324, 91, 268, 373, 423, 458, 449, 44, 337, 242, 77, 412, 231, 187, 21, 325, 384, 380, 416, 254, 320, 178, 266, 63, 89, 292, 404, 362, 127, 7, 327, 205, 399, 372, 442, 146, 487, 304, 369, 463, 426, 468, 31, 261, 499, 16, 322, 240, 49, 20, 379, 405, 32, 78, 391, 106, 482, 215, 351, 208, 488, 228, 236, 199, 296, 486, 427, 298, 186, 100, 393, 121, 262, 110, 414, 411, 301, 1, 397, 168, 445, 382, 22, 267, 461, 349, 335, 319, 118, 124, 283, 172, 195, 360, 378, 464, 144, 210, 138, 59, 207, 216, 90, 143, 150, 24, 94, 130, 253, 38, 174, 81, 361, 415, 50, 131, 251, 48, 12, 247, 129, 184, 381, 452, 396, 343, 99, 58, 155, 287, 249, 260, 109, 354, 196, 52, 386, 23, 436, 35, 342, 288, 29, 92, 374, 409, 430, 62, 41, 330, 167, 188, 185, 112, 402, 197, 53, 367, 318, 15, 221, 107, 250, 285, 88, 410, 245, 128, 496, 115, 257, 64, 160, 312, 60, 457, 286, 220, 95, 352, 224, 55, 206, 484, 455, 173, 229, 429, 212, 471, 0, 332, 36, 467, 313, 269, 214, 439, 344, 244, 10, 113, 241, 83, 202, 125, 451, 166, 494, 154, 28, 116, 489, 291, 395, 54, 418, 183, 277, 101, 309, 72, 232, 462, 476, 103, 235, 246, 387, 120, 480, 248, 165, 33, 281, 145, 444, 213, 176, 345, 339, 153, 34, 133, 317, 280, 76, 419, 477, 170, 491, 182, 358, 376, 390, 67, 276, 366, 189, 225, 43, 323, 104, 308, 443, 371, 11, 163, 227, 333, 42, 293, 180, 226, 377, 217, 329, 159, 331, 307, 353, 311, 136, 263, 69, 264, 140, 274, 204, 108, 432, 142, 119, 413, 134, 375, 294, 392, 80, 30, 151, 122, 272, 237, 177, 447, 162, 475, 46, 497, 492, 192, 137, 365, 481, 284, 148, 87, 302, 194, 406, 355, 428, 398, 171, 440, 356, 13, 446, 114, 347, 98, 222, 175, 97, 164, 9, 135, 271, 450, 469, 459, 5, 282, 305, 201, 407, 117, 364, 453, 385, 37, 71, 252, 265, 193, 348, 341, 200, 346, 18, 295, 472, 198, 8, 141, 273, 84, 65, 139, 408, 239, 299, 306, 473, 425, 310, 102, 420, 61, 465, 326, 338, 132, 218, 19, 424, 498, 403, 460, 157, 255, 275, 315, 75, 149, 234, 258, 105, 211, 74, 14, 223, 85, 126, 147, 203, 314, 435, 25, 290, 363, 68, 79, 2, 357, 45, 438, 297, 40, 190, 417, 340, 433, 466, 454, 321, 233, 152, 27, 111, 70, 47, 289, 96, 169, 3, 219, 370, 490, 300, 437, 156, 328, 422, 57, 230, 158, 66, 359, 388, 256, 6, 51, 434, 485]
32634
Execution time: 69.85399723052979

First solution:
[121, 303, 278, 66, 189, 468, 309, 242, 320, 297, 33, 310, 6, 465, 428, 240, 132, 282, 119, 98, 367, 484, 276, 485, 281, 243, 203, 327, 440, 77, 118, 325, 470, 444, 267, 199, 379, 7, 343, 397, 32, 81, 388, 302, 21, 154, 399, 15, 421, 443, 137, 492, 304, 368, 198, 365, 403, 218, 202, 372, 410, 295, 227, 68, 187, 49, 18, 69, 253, 111, 483, 344, 223, 398, 491, 454, 215, 259, 197, 293, 179, 273, 299, 208, 417, 469, 172, 349, 14, 143, 488, 461, 356, 83, 357, 167, 277, 292, 291, 53, 466, 335, 108, 324, 420, 136, 145, 63, 459, 246, 472, 247, 45, 176, 34, 210, 467, 10, 150, 442, 212, 60, 22, 493, 314, 23, 193, 479, 300, 169, 482, 142, 258, 120, 433, 158, 3, 39, 55, 307, 274, 16, 101, 416, 149, 312, 134, 79, 455, 173, 160, 184, 70, 373, 192, 235, 266, 451, 329, 447, 286, 52, 317, 422, 138, 220, 396, 499, 424, 427, 429, 408, 155, 280, 350, 5, 463, 296, 161, 382, 345, 315, 301, 436, 30, 170, 238, 180, 354, 446, 250, 11, 337, 31, 425, 495, 128, 233, 152, 163, 90, 186, 94, 412, 340, 135, 153, 346, 400, 13, 67, 364, 256, 113, 449, 122, 404, 95, 222, 434, 338, 164, 375, 114, 224, 86, 40, 413, 430, 230, 426, 115, 61, 17, 97, 321, 93, 409, 174, 43, 386, 496, 423, 355, 269, 414, 88, 162, 106, 74, 107, 393, 104, 9, 476, 105, 362, 51, 1, 284, 213, 225, 159, 130, 271, 439, 183, 56, 8, 190, 116, 214, 319, 370, 191, 341, 73, 139, 87, 58, 328, 381, 330, 318, 207, 62, 308, 231, 205, 177, 131, 50, 110, 147, 12, 363, 123, 270, 216, 260, 498, 76, 486, 226, 333, 353, 285, 244, 290, 156, 29, 221, 391, 64, 255, 478, 452, 415, 232, 407, 306, 394, 201, 200, 342, 347, 435, 241, 124, 322, 146, 102, 211, 432, 392, 316, 288, 194, 133, 460, 313, 332, 82, 0, 411, 494, 239, 419, 283, 219, 473, 323, 377, 209, 464, 125, 80, 418, 234, 453, 89, 480, 99, 383, 92, 289, 48, 84, 109, 360, 331, 441, 265, 405, 305, 72, 206, 195, 47, 334, 178, 406, 100, 166, 264, 458, 168, 348, 352, 361, 487, 371, 141, 165, 127, 475, 262, 401, 431, 339, 366, 2, 236, 27, 497, 385, 126, 75, 390, 54, 28, 182, 358, 204, 41, 450, 71, 489, 456, 59, 477, 252, 268, 237, 103, 171, 369, 445, 248, 378, 140, 384, 326, 112, 395, 151, 481, 65, 279, 272, 351, 117, 263, 462, 261, 57, 181, 336, 217, 44, 229, 37, 19, 471, 185, 36, 129, 157, 245, 196, 35, 294, 474, 359, 251, 20, 228, 4, 85, 46, 490, 402, 389, 275, 287, 24, 298, 148, 42, 26, 374, 249, 380, 376, 387, 38, 25, 311, 96, 437, 78, 188, 457, 257, 448, 438, 91, 254, 144, 175]
First solution value:
33655
Execution: 3 Seed: 3
Final solution and makespan:
[490, 369, 250, 295, 187, 197, 52, 265, 101, 296, 318, 347, 176, 431, 68, 282, 216, 492, 390, 138, 392, 260, 377, 297, 146, 255, 105, 56, 383, 272, 389, 270, 237, 158, 71, 199, 152, 107, 337, 344, 67, 171, 134, 401, 126, 178, 280, 457, 276, 259, 236, 149, 395, 435, 315, 74, 55, 451, 188, 411, 422, 247, 218, 305, 121, 181, 287, 208, 233, 334, 189, 45, 480, 239, 427, 293, 93, 24, 398, 202, 6, 95, 227, 269, 394, 455, 190, 113, 140, 458, 201, 462, 177, 403, 26, 467, 283, 482, 308, 192, 325, 472, 125, 165, 73, 186, 456, 137, 367, 77, 79, 9, 454, 429, 257, 169, 102, 225, 144, 330, 407, 19, 465, 219, 292, 271, 205, 306, 64, 5, 486, 254, 117, 10, 419, 130, 221, 433, 338, 84, 124, 209, 285, 164, 78, 155, 57, 298, 65, 498, 220, 388, 4, 175, 414, 136, 244, 277, 289, 362, 142, 416, 96, 380, 109, 294, 286, 163, 88, 87, 497, 382, 243, 141, 409, 41, 310, 470, 37, 485, 217, 370, 83, 437, 424, 7, 103, 246, 475, 420, 360, 299, 159, 321, 99, 291, 145, 104, 290, 51, 179, 207, 119, 213, 92, 410, 361, 54, 32, 438, 303, 327, 122, 123, 173, 162, 49, 263, 196, 194, 464, 261, 460, 356, 266, 128, 111, 397, 499, 183, 12, 423, 417, 66, 384, 154, 0, 47, 25, 355, 267, 231, 328, 110, 354, 432, 281, 400, 167, 8, 278, 11, 172, 39, 147, 316, 374, 386, 228, 288, 491, 241, 127, 185, 405, 30, 444, 75, 477, 481, 357, 170, 353, 312, 114, 224, 33, 443, 46, 157, 85, 240, 331, 251, 335, 38, 413, 13, 484, 275, 495, 371, 381, 363, 311, 100, 132, 253, 304, 365, 86, 391, 252, 230, 258, 204, 200, 302, 404, 34, 222, 151, 148, 373, 210, 326, 129, 61, 368, 345, 375, 168, 340, 97, 91, 461, 450, 323, 418, 341, 17, 35, 212, 441, 483, 364, 248, 256, 195, 80, 348, 329, 174, 203, 139, 29, 428, 106, 436, 59, 351, 90, 284, 98, 385, 339, 476, 226, 471, 447, 50, 343, 70, 161, 42, 393, 118, 191, 150, 493, 262, 242, 322, 496, 425, 349, 232, 108, 469, 40, 387, 143, 396, 76, 268, 415, 115, 82, 1, 94, 379, 442, 249, 478, 445, 120, 372, 452, 332, 14, 446, 69, 43, 28, 366, 487, 211, 62, 182, 453, 320, 439, 16, 20, 440, 245, 215, 399, 489, 333, 18, 274, 23, 463, 223, 235, 3, 309, 412, 60, 300, 72, 131, 430, 346, 133, 58, 184, 473, 27, 166, 15, 112, 319, 494, 479, 160, 48, 488, 301, 44, 358, 21, 89, 342, 206, 36, 336, 449, 81, 273, 229, 408, 426, 53, 135, 63, 459, 402, 317, 234, 279, 350, 376, 434, 421, 466, 264, 238, 359, 214, 313, 352, 22, 193, 448, 31, 2, 198, 406, 156, 180, 116, 378, 324, 474, 153, 314, 307, 468]
32707
Execution time: 73.88741755485535

First solution:
[120, 155, 52, 369, 202, 245, 79, 46, 34, 10, 205, 281, 469, 148, 409, 391, 30, 113, 266, 274, 184, 141, 399, 88, 423, 54, 134, 109, 13, 424, 328, 413, 133, 485, 139, 99, 84, 158, 486, 321, 444, 374, 437, 434, 450, 190, 44, 432, 310, 172, 343, 198, 259, 127, 91, 126, 242, 143, 45, 418, 280, 430, 153, 3, 149, 293, 360, 159, 484, 260, 464, 211, 216, 306, 147, 220, 231, 82, 119, 156, 132, 416, 408, 22, 41, 23, 236, 320, 442, 265, 273, 331, 241, 358, 175, 74, 344, 100, 491, 428, 103, 325, 323, 225, 478, 94, 182, 223, 382, 301, 164, 324, 285, 101, 165, 51, 31, 362, 117, 142, 298, 315, 121, 62, 169, 90, 461, 235, 471, 21, 393, 357, 42, 146, 345, 167, 9, 385, 425, 389, 78, 333, 210, 317, 348, 39, 150, 316, 98, 227, 435, 69, 128, 195, 426, 81, 375, 456, 4, 186, 440, 232, 86, 340, 185, 373, 292, 49, 224, 106, 217, 330, 58, 483, 383, 28, 337, 304, 76, 451, 20, 279, 251, 379, 446, 433, 18, 376, 270, 349, 209, 102, 244, 477, 123, 417, 368, 356, 313, 112, 215, 350, 378, 219, 110, 255, 96, 16, 390, 130, 129, 124, 269, 487, 118, 213, 467, 72, 166, 26, 161, 59, 206, 319, 253, 448, 47, 470, 107, 463, 455, 151, 407, 318, 299, 295, 137, 173, 200, 254, 38, 411, 97, 339, 495, 230, 462, 32, 196, 247, 68, 170, 296, 15, 222, 367, 176, 162, 387, 145, 499, 191, 365, 429, 55, 204, 0, 474, 40, 436, 420, 322, 65, 29, 386, 207, 197, 261, 257, 56, 140, 371, 384, 415, 171, 498, 311, 309, 258, 480, 494, 239, 473, 300, 6, 276, 8, 178, 152, 388, 125, 400, 352, 214, 35, 490, 92, 234, 283, 2, 460, 476, 19, 370, 465, 116, 221, 497, 493, 468, 278, 288, 308, 24, 187, 226, 275, 93, 131, 111, 286, 482, 17, 160, 50, 163, 77, 122, 108, 326, 380, 307, 95, 427, 441, 447, 83, 459, 397, 66, 138, 1, 43, 334, 181, 488, 335, 212, 294, 305, 228, 405, 238, 312, 105, 75, 445, 327, 492, 233, 218, 80, 421, 402, 479, 282, 354, 297, 248, 64, 201, 272, 359, 240, 267, 431, 291, 252, 351, 189, 410, 284, 361, 364, 372, 194, 314, 168, 268, 199, 256, 36, 466, 25, 73, 453, 396, 443, 11, 363, 329, 422, 180, 262, 457, 183, 229, 87, 154, 454, 237, 347, 67, 263, 302, 12, 192, 414, 63, 458, 14, 188, 61, 452, 403, 89, 144, 57, 398, 303, 355, 412, 395, 179, 481, 157, 401, 475, 33, 353, 342, 277, 332, 338, 177, 114, 439, 37, 290, 406, 264, 53, 174, 346, 136, 135, 243, 366, 70, 496, 381, 115, 472, 250, 419, 193, 287, 203, 246, 7, 336, 377, 341, 27, 60, 449, 392, 85, 289, 489, 208, 249, 394, 404, 71, 48, 5, 104, 271, 438]
First solution value:
33315
Execution: 4 Seed: 4
Final solution and makespan:
[279, 121, 345, 3, 295, 273, 164, 120, 341, 242, 137, 195, 228, 142, 154, 472, 314, 342, 275, 389, 403, 47, 92, 363, 49, 171, 24, 224, 462, 158, 453, 18, 102, 458, 156, 334, 491, 83, 488, 438, 441, 490, 118, 104, 437, 173, 461, 276, 348, 335, 167, 357, 413, 480, 422, 366, 27, 328, 9, 360, 398, 464, 383, 51, 96, 303, 204, 202, 270, 301, 109, 419, 10, 311, 99, 324, 159, 174, 192, 148, 221, 229, 319, 184, 80, 410, 32, 152, 177, 460, 185, 257, 244, 254, 401, 213, 429, 248, 78, 451, 70, 141, 45, 52, 436, 289, 298, 46, 165, 163, 151, 7, 68, 207, 426, 91, 379, 268, 310, 37, 201, 291, 364, 30, 236, 454, 322, 471, 187, 76, 43, 88, 130, 42, 147, 196, 205, 232, 210, 211, 216, 408, 169, 351, 134, 123, 112, 396, 340, 381, 172, 315, 71, 354, 455, 371, 19, 115, 323, 50, 252, 386, 259, 206, 421, 394, 338, 226, 176, 48, 321, 124, 411, 212, 346, 8, 404, 440, 284, 262, 53, 487, 347, 318, 233, 407, 332, 260, 281, 111, 297, 476, 87, 90, 238, 157, 312, 85, 293, 98, 447, 160, 375, 110, 272, 34, 237, 23, 457, 56, 29, 264, 313, 331, 73, 473, 329, 425, 143, 250, 231, 14, 208, 41, 450, 255, 66, 114, 325, 484, 358, 330, 350, 215, 448, 296, 67, 168, 17, 186, 427, 416, 283, 466, 449, 181, 482, 442, 16, 493, 60, 4, 406, 266, 339, 62, 77, 417, 286, 193, 199, 439, 239, 306, 113, 227, 402, 161, 392, 241, 100, 494, 101, 126, 380, 388, 125, 103, 64, 481, 463, 336, 483, 21, 399, 405, 415, 179, 13, 267, 397, 59, 222, 11, 190, 468, 317, 107, 95, 175, 261, 200, 166, 138, 243, 365, 400, 5, 234, 370, 359, 382, 146, 420, 353, 372, 355, 144, 155, 271, 189, 374, 81, 135, 132, 434, 412, 97, 376, 367, 249, 127, 430, 86, 139, 20, 26, 377, 287, 245, 198, 28, 290, 149, 302, 337, 435, 320, 474, 162, 418, 256, 299, 292, 443, 35, 362, 300, 470, 305, 246, 140, 274, 265, 456, 93, 180, 489, 40, 22, 378, 499, 219, 247, 153, 116, 84, 349, 55, 498, 119, 316, 89, 129, 278, 431, 217, 39, 308, 82, 44, 288, 497, 495, 182, 387, 61, 452, 486, 465, 108, 194, 269, 145, 209, 373, 225, 393, 214, 69, 75, 105, 136, 368, 12, 0, 496, 235, 117, 469, 72, 131, 122, 253, 183, 191, 218, 304, 251, 2, 309, 230, 424, 391, 344, 38, 356, 280, 150, 58, 414, 277, 94, 74, 445, 240, 395, 459, 352, 33, 384, 188, 1, 223, 106, 444, 203, 258, 326, 467, 433, 282, 220, 294, 65, 432, 133, 423, 25, 479, 31, 63, 475, 385, 327, 477, 492, 57, 478, 285, 79, 36, 128, 409, 369, 170, 15, 307, 333, 446, 178, 197, 263, 428, 390, 485, 6, 54, 361, 343]
32660
Execution time: 110.1492235660553


Mean makespan: 16352.2