First solution:
[432, 197, 388, 455, 215, 20, 132, 261, 248, 207, 470, 401, 424, 155, 244, 183, 298, 456, 464, 111, 258, 71, 144, 478, 386, 48, 316, 409, 128, 465, 272, 361, 414, 308, 461, 75, 158, 50, 373, 37, 435, 350, 169, 241, 286, 51, 181, 222, 161, 312, 327, 104, 282, 485, 226, 443, 266, 133, 31, 412, 280, 7, 47, 368, 430, 204, 363, 422, 488, 342, 320, 0, 313, 252, 423, 170, 124, 489, 166, 360, 32, 97, 290, 113, 122, 411, 72, 467, 278, 229, 46, 41, 163, 260, 250, 55, 154, 447, 149, 468, 63, 439, 487, 276, 448, 466, 398, 300, 147, 227, 472, 305, 498, 162, 294, 123, 148, 94, 96, 95, 16, 427, 336, 442, 243, 35, 45, 347, 66, 76, 19, 408, 358, 396, 349, 200, 400, 268, 141, 267, 120, 110, 372, 301, 214, 296, 140, 230, 426, 338, 328, 182, 42, 421, 378, 59, 249, 392, 322, 171, 418, 425, 8, 138, 344, 112, 190, 87, 397, 218, 441, 454, 74, 334, 23, 293, 273, 394, 460, 13, 399, 381, 310, 385, 61, 364, 389, 189, 335, 18, 11, 99, 382, 319, 245, 107, 329, 309, 440, 217, 365, 376, 374, 416, 36, 403, 179, 223, 92, 303, 257, 239, 494, 299, 314, 102, 483, 484, 240, 86, 395, 29, 81, 82, 175, 271, 471, 60, 445, 89, 6, 482, 209, 406, 159, 348, 198, 323, 78, 269, 234, 40, 340, 325, 143, 34, 315, 195, 446, 384, 90, 156, 73, 172, 91, 151, 242, 228, 475, 330, 463, 33, 402, 79, 341, 191, 106, 212, 346, 287, 428, 152, 49, 178, 85, 479, 253, 57, 407, 114, 318, 453, 246, 145, 233, 337, 284, 324, 216, 304, 387, 457, 281, 302, 357, 220, 379, 371, 232, 224, 434, 135, 458, 255, 473, 193, 410, 9, 126, 83, 236, 119, 12, 495, 474, 353, 362, 21, 238, 3, 213, 173, 186, 80, 194, 54, 180, 275, 263, 491, 25, 185, 30, 486, 462, 77, 476, 345, 208, 121, 101, 352, 5, 70, 115, 356, 65, 254, 283, 88, 351, 39, 221, 4, 10, 211, 52, 202, 176, 93, 477, 259, 117, 480, 380, 499, 53, 219, 449, 2, 297, 38, 69, 205, 43, 265, 437, 497, 206, 125, 235, 450, 146, 157, 375, 288, 369, 131, 321, 237, 165, 331, 203, 136, 14, 292, 184, 167, 444, 383, 22, 142, 103, 192, 262, 496, 377, 289, 251, 429, 187, 391, 279, 469, 359, 225, 15, 332, 105, 306, 174, 137, 291, 339, 354, 264, 413, 168, 160, 355, 139, 451, 28, 438, 390, 1, 270, 68, 129, 490, 317, 67, 417, 109, 177, 134, 84, 343, 27, 116, 256, 277, 210, 404, 127, 307, 433, 188, 98, 492, 64, 393, 58, 415, 436, 452, 62, 405, 196, 199, 100, 164, 420, 481, 285, 274, 44, 247, 295, 150, 17, 367, 24, 333, 311, 493, 153, 118, 326, 231, 108, 366, 56, 201, 26, 370, 431, 130, 459, 419]
First solution value:
36843
Execution: 0 Seed: 0
Final solution and makespan:
[93, 416, 126, 76, 240, 56, 190, 391, 388, 31, 422, 306, 66, 323, 220, 105, 421, 491, 120, 396, 84, 19, 248, 47, 395, 112, 143, 494, 261, 352, 39, 158, 266, 470, 28, 378, 142, 295, 288, 451, 429, 174, 150, 340, 73, 122, 160, 192, 35, 196, 401, 197, 413, 449, 85, 124, 308, 63, 331, 38, 381, 20, 229, 272, 296, 341, 376, 222, 486, 454, 350, 462, 114, 476, 489, 366, 276, 342, 154, 304, 453, 498, 59, 44, 405, 71, 254, 250, 61, 233, 333, 110, 284, 92, 97, 286, 346, 364, 279, 24, 221, 402, 428, 448, 419, 458, 355, 382, 51, 360, 252, 455, 236, 125, 368, 147, 386, 474, 473, 36, 328, 165, 270, 37, 337, 148, 398, 310, 152, 425, 25, 241, 431, 91, 168, 313, 98, 324, 30, 161, 435, 81, 64, 263, 115, 316, 264, 230, 89, 289, 260, 162, 326, 255, 200, 164, 1, 492, 234, 249, 181, 375, 163, 68, 15, 16, 137, 34, 389, 205, 280, 53, 415, 356, 17, 204, 111, 325, 471, 349, 77, 113, 212, 262, 171, 225, 410, 412, 141, 43, 267, 88, 90, 94, 407, 317, 332, 87, 348, 273, 185, 293, 188, 210, 216, 78, 361, 175, 440, 465, 439, 108, 409, 14, 447, 444, 320, 27, 459, 49, 41, 65, 493, 198, 467, 384, 418, 224, 130, 475, 151, 496, 472, 193, 195, 281, 46, 22, 217, 370, 271, 23, 103, 277, 365, 256, 461, 315, 80, 179, 481, 404, 173, 74, 406, 359, 377, 170, 203, 42, 232, 11, 490, 338, 100, 133, 32, 394, 335, 102, 336, 390, 9, 70, 434, 275, 18, 245, 351, 318, 101, 485, 206, 290, 159, 446, 247, 399, 82, 211, 305, 8, 259, 268, 482, 242, 109, 40, 107, 463, 457, 218, 129, 393, 227, 69, 239, 202, 7, 238, 226, 322, 301, 371, 353, 292, 244, 121, 208, 344, 392, 430, 432, 424, 223, 358, 367, 237, 215, 437, 258, 176, 13, 450, 117, 54, 132, 4, 231, 178, 184, 330, 426, 219, 380, 207, 75, 487, 408, 495, 456, 58, 33, 339, 99, 60, 134, 433, 3, 96, 484, 146, 285, 67, 123, 246, 441, 423, 403, 479, 385, 445, 483, 480, 155, 379, 139, 149, 52, 106, 278, 347, 136, 464, 291, 497, 127, 183, 6, 2, 269, 213, 343, 50, 499, 362, 373, 274, 79, 48, 201, 62, 397, 251, 95, 118, 369, 488, 282, 438, 334, 297, 140, 294, 214, 180, 329, 166, 145, 442, 283, 86, 21, 383, 265, 209, 417, 182, 321, 468, 0, 189, 477, 187, 307, 309, 10, 319, 299, 466, 169, 400, 177, 153, 298, 354, 302, 303, 387, 186, 243, 363, 131, 436, 116, 12, 357, 135, 172, 55, 191, 138, 469, 287, 128, 443, 253, 235, 345, 157, 144, 427, 312, 374, 372, 257, 156, 452, 311, 314, 194, 119, 57, 29, 199, 167, 420, 300, 228, 83, 104, 478, 26, 327, 5, 45, 460, 411, 72, 414]
35369
Execution time: 138.9605803489685

First solution:
[68, 291, 433, 410, 391, 32, 130, 60, 253, 389, 230, 241, 333, 194, 403, 107, 48, 249, 14, 457, 427, 199, 221, 311, 390, 392, 1, 356, 228, 136, 369, 496, 117, 302, 52, 461, 162, 15, 11, 13, 332, 277, 4, 451, 195, 351, 110, 216, 371, 481, 270, 113, 495, 224, 491, 283, 119, 176, 118, 346, 112, 490, 235, 148, 464, 213, 428, 284, 328, 51, 95, 322, 370, 151, 61, 380, 170, 469, 364, 256, 452, 259, 343, 97, 155, 145, 300, 255, 258, 201, 301, 17, 245, 124, 424, 206, 212, 340, 88, 187, 280, 359, 397, 345, 377, 191, 44, 446, 339, 260, 55, 83, 266, 468, 189, 250, 375, 462, 240, 22, 157, 360, 314, 303, 296, 386, 331, 87, 86, 257, 116, 6, 102, 276, 399, 441, 207, 263, 442, 295, 180, 437, 137, 337, 365, 476, 2, 196, 262, 66, 265, 287, 105, 218, 28, 246, 186, 498, 444, 367, 411, 211, 248, 182, 485, 177, 0, 275, 366, 319, 313, 169, 234, 307, 450, 467, 90, 281, 299, 92, 46, 282, 493, 16, 36, 42, 8, 231, 7, 143, 127, 357, 56, 94, 361, 436, 35, 85, 81, 317, 449, 456, 139, 150, 232, 164, 254, 242, 58, 12, 159, 197, 175, 215, 96, 132, 438, 129, 261, 484, 477, 10, 115, 9, 203, 74, 18, 82, 471, 418, 440, 439, 264, 489, 114, 382, 202, 294, 269, 30, 152, 64, 108, 24, 156, 273, 219, 19, 79, 327, 381, 76, 190, 40, 106, 144, 447, 33, 353, 310, 474, 217, 373, 426, 209, 341, 387, 414, 324, 43, 338, 222, 271, 478, 398, 289, 413, 237, 285, 430, 401, 25, 465, 146, 172, 453, 236, 49, 126, 26, 423, 99, 75, 318, 309, 480, 388, 412, 402, 72, 204, 344, 220, 459, 244, 34, 298, 109, 54, 499, 286, 420, 416, 140, 445, 348, 470, 406, 183, 492, 316, 278, 21, 486, 233, 395, 308, 394, 247, 466, 153, 404, 65, 306, 193, 372, 29, 274, 225, 154, 125, 305, 304, 141, 210, 272, 178, 104, 293, 400, 37, 494, 454, 163, 279, 252, 417, 57, 20, 171, 93, 363, 181, 419, 312, 70, 27, 435, 138, 3, 223, 23, 347, 325, 205, 448, 101, 5, 188, 475, 100, 131, 53, 362, 229, 142, 334, 147, 120, 422, 429, 479, 460, 384, 483, 103, 69, 149, 134, 379, 91, 425, 198, 290, 415, 352, 383, 122, 168, 473, 374, 472, 297, 349, 50, 268, 288, 329, 160, 84, 185, 342, 458, 443, 133, 321, 161, 45, 292, 128, 463, 192, 39, 497, 31, 330, 431, 238, 408, 320, 239, 396, 73, 41, 315, 326, 336, 77, 121, 455, 488, 214, 432, 59, 89, 358, 267, 135, 368, 158, 67, 200, 165, 184, 62, 323, 407, 350, 226, 409, 98, 421, 335, 123, 78, 487, 243, 166, 227, 47, 71, 393, 167, 208, 63, 80, 111, 434, 251, 482, 378, 174, 38, 355, 405, 173, 385, 354, 179, 376]
First solution value:
36642
Execution: 1 Seed: 1
Final solution and makespan:
[479, 419, 303, 348, 141, 140, 346, 19, 466, 468, 243, 18, 381, 68, 365, 34, 347, 126, 7, 43, 432, 129, 232, 423, 84, 147, 15, 87, 414, 334, 101, 435, 254, 117, 45, 12, 93, 390, 299, 280, 318, 237, 363, 309, 214, 133, 226, 200, 159, 94, 166, 47, 104, 329, 270, 258, 144, 161, 277, 313, 222, 244, 59, 223, 112, 242, 480, 412, 48, 37, 483, 240, 182, 413, 185, 31, 469, 455, 5, 81, 396, 311, 337, 471, 44, 255, 306, 33, 235, 267, 207, 6, 156, 134, 76, 388, 291, 283, 445, 272, 451, 457, 30, 157, 436, 340, 379, 170, 460, 149, 261, 66, 389, 27, 409, 71, 245, 312, 448, 110, 470, 187, 418, 429, 0, 212, 400, 199, 278, 268, 1, 158, 225, 97, 376, 208, 95, 442, 284, 24, 305, 341, 485, 230, 446, 257, 234, 86, 437, 82, 406, 472, 55, 41, 167, 248, 172, 279, 433, 171, 499, 253, 294, 116, 127, 354, 186, 231, 202, 114, 487, 465, 108, 57, 383, 282, 162, 179, 343, 224, 118, 410, 175, 301, 430, 139, 209, 227, 426, 180, 92, 495, 449, 70, 60, 450, 328, 198, 374, 407, 315, 26, 138, 336, 121, 143, 292, 89, 63, 10, 459, 489, 61, 14, 269, 397, 216, 369, 125, 91, 391, 130, 164, 174, 69, 103, 203, 422, 342, 357, 285, 308, 190, 463, 249, 461, 281, 109, 440, 380, 135, 421, 148, 477, 168, 233, 475, 441, 370, 266, 58, 361, 35, 275, 319, 72, 447, 339, 320, 204, 338, 427, 265, 494, 490, 326, 417, 107, 217, 56, 211, 213, 132, 287, 219, 454, 323, 366, 25, 443, 492, 310, 330, 178, 367, 131, 302, 78, 399, 467, 197, 181, 375, 382, 286, 317, 276, 98, 271, 142, 398, 119, 482, 246, 195, 137, 386, 21, 111, 8, 115, 335, 304, 251, 201, 124, 80, 241, 183, 64, 327, 331, 155, 228, 368, 355, 150, 476, 75, 378, 46, 358, 88, 493, 298, 478, 54, 189, 321, 4, 53, 73, 274, 191, 453, 123, 289, 262, 146, 29, 377, 497, 52, 74, 28, 434, 102, 416, 438, 39, 428, 218, 491, 49, 439, 498, 42, 290, 153, 20, 353, 113, 238, 314, 177, 325, 23, 3, 67, 215, 387, 154, 194, 151, 184, 405, 273, 458, 393, 401, 373, 360, 384, 256, 300, 40, 431, 402, 193, 128, 395, 260, 288, 210, 85, 403, 452, 99, 62, 344, 473, 424, 22, 444, 236, 411, 394, 372, 100, 474, 65, 11, 322, 364, 79, 77, 220, 295, 206, 333, 296, 105, 349, 486, 263, 120, 264, 332, 351, 316, 160, 385, 152, 392, 359, 496, 2, 136, 165, 13, 404, 36, 297, 362, 350, 307, 221, 356, 196, 176, 484, 239, 9, 259, 17, 229, 352, 481, 488, 38, 425, 462, 188, 32, 83, 192, 420, 247, 51, 456, 163, 415, 250, 205, 50, 408, 106, 324, 464, 90, 371, 122, 145, 96, 173, 252, 169, 345, 293, 16]
35438
Execution time: 214.2332215309143

First solution:
[489, 441, 485, 434, 28, 46, 43, 184, 427, 86, 376, 414, 342, 437, 157, 128, 310, 108, 483, 18, 297, 348, 81, 220, 326, 201, 411, 370, 440, 260, 190, 278, 227, 257, 137, 461, 480, 445, 14, 186, 238, 163, 194, 216, 452, 269, 84, 286, 90, 120, 118, 12, 451, 166, 88, 69, 261, 443, 492, 263, 345, 455, 93, 228, 407, 212, 499, 268, 390, 460, 404, 303, 181, 185, 436, 82, 386, 204, 366, 378, 236, 335, 271, 127, 250, 142, 255, 256, 471, 435, 491, 338, 232, 419, 179, 290, 371, 285, 472, 233, 249, 337, 113, 446, 358, 85, 315, 465, 245, 158, 155, 361, 258, 287, 265, 259, 333, 393, 301, 208, 159, 374, 106, 415, 262, 187, 350, 319, 38, 174, 4, 97, 54, 30, 294, 334, 25, 139, 302, 116, 349, 367, 267, 444, 136, 125, 107, 421, 456, 16, 29, 426, 498, 462, 416, 344, 448, 42, 58, 34, 343, 20, 10, 191, 130, 65, 80, 94, 357, 0, 197, 381, 22, 126, 77, 463, 2, 176, 382, 57, 146, 172, 433, 15, 497, 229, 282, 309, 23, 135, 205, 78, 242, 115, 47, 161, 52, 339, 314, 364, 385, 474, 399, 473, 167, 73, 401, 132, 134, 214, 9, 402, 71, 359, 129, 17, 67, 424, 87, 49, 410, 449, 470, 373, 475, 119, 467, 37, 484, 41, 360, 347, 131, 351, 488, 323, 325, 324, 196, 209, 313, 56, 44, 123, 428, 363, 5, 494, 192, 59, 26, 55, 6, 133, 171, 468, 454, 79, 392, 164, 368, 395, 175, 279, 457, 53, 430, 206, 111, 482, 418, 253, 148, 151, 13, 353, 291, 273, 252, 24, 169, 312, 122, 486, 369, 292, 352, 156, 266, 74, 322, 95, 308, 215, 237, 105, 254, 479, 207, 50, 198, 318, 406, 306, 316, 422, 458, 124, 244, 234, 150, 321, 375, 1, 72, 247, 380, 298, 19, 387, 354, 280, 438, 372, 183, 100, 336, 35, 346, 101, 31, 300, 219, 295, 408, 188, 394, 293, 459, 202, 432, 431, 450, 11, 439, 210, 91, 117, 36, 218, 68, 412, 223, 217, 224, 405, 75, 170, 317, 40, 144, 66, 109, 21, 476, 420, 153, 45, 272, 377, 284, 327, 289, 276, 251, 331, 178, 177, 447, 193, 397, 281, 487, 180, 417, 283, 226, 464, 409, 356, 96, 304, 388, 152, 138, 396, 246, 168, 32, 355, 165, 141, 121, 213, 51, 429, 365, 147, 98, 243, 3, 76, 222, 311, 200, 102, 379, 61, 199, 189, 299, 413, 60, 221, 70, 328, 398, 495, 149, 481, 383, 48, 400, 140, 103, 453, 442, 182, 83, 114, 203, 225, 391, 274, 403, 143, 341, 384, 230, 477, 173, 145, 288, 362, 320, 423, 104, 39, 8, 330, 154, 27, 241, 275, 307, 496, 277, 469, 329, 340, 235, 478, 195, 305, 162, 64, 264, 92, 248, 211, 112, 270, 239, 231, 33, 296, 389, 466, 425, 490, 62, 493, 99, 110, 160, 89, 63, 332, 7, 240]
First solution value:
36039
Execution: 2 Seed: 2
Final solution and makespan:
[201, 252, 409, 76, 3, 128, 365, 107, 322, 435, 359, 43, 455, 22, 293, 323, 284, 344, 290, 147, 419, 486, 345, 329, 443, 315, 48, 41, 12, 356, 303, 476, 155, 490, 42, 34, 40, 428, 373, 54, 402, 456, 272, 35, 375, 376, 484, 106, 307, 445, 247, 447, 209, 259, 305, 253, 263, 216, 9, 14, 364, 348, 336, 275, 178, 96, 407, 479, 44, 170, 249, 104, 469, 196, 168, 188, 145, 483, 31, 37, 125, 352, 140, 179, 124, 342, 499, 491, 153, 172, 59, 264, 406, 441, 416, 130, 408, 306, 78, 223, 457, 162, 444, 111, 199, 312, 326, 463, 228, 431, 4, 20, 7, 227, 394, 148, 33, 257, 53, 286, 47, 317, 190, 175, 451, 57, 301, 83, 233, 282, 158, 135, 110, 379, 298, 330, 415, 343, 143, 420, 235, 238, 304, 173, 129, 11, 471, 169, 68, 171, 374, 46, 60, 321, 338, 240, 116, 382, 299, 105, 398, 429, 278, 115, 120, 480, 363, 139, 109, 357, 149, 114, 487, 205, 367, 387, 80, 459, 388, 138, 436, 254, 294, 222, 231, 90, 386, 146, 95, 319, 320, 32, 395, 28, 478, 488, 1, 494, 446, 467, 262, 292, 108, 213, 182, 256, 23, 85, 241, 208, 318, 411, 152, 430, 277, 75, 197, 313, 15, 131, 251, 474, 287, 65, 186, 384, 454, 268, 166, 390, 366, 29, 72, 232, 255, 368, 311, 225, 239, 273, 88, 412, 237, 142, 118, 17, 285, 418, 302, 192, 126, 217, 113, 448, 86, 25, 438, 250, 200, 121, 26, 10, 296, 87, 361, 24, 331, 333, 265, 442, 144, 195, 266, 184, 150, 355, 271, 136, 215, 159, 399, 45, 180, 421, 458, 358, 206, 167, 261, 410, 291, 63, 472, 92, 351, 378, 422, 452, 470, 154, 481, 39, 400, 0, 189, 492, 325, 369, 498, 19, 94, 353, 119, 73, 102, 51, 133, 258, 177, 393, 450, 433, 64, 485, 274, 288, 193, 6, 461, 62, 69, 84, 401, 380, 221, 334, 77, 327, 245, 61, 349, 211, 157, 101, 174, 38, 309, 297, 117, 372, 425, 308, 497, 18, 310, 289, 248, 295, 226, 246, 70, 270, 276, 475, 66, 91, 13, 151, 230, 477, 218, 71, 370, 340, 468, 371, 30, 132, 314, 161, 220, 156, 404, 283, 160, 473, 165, 236, 392, 300, 229, 137, 397, 52, 281, 316, 8, 210, 354, 453, 123, 212, 234, 141, 462, 426, 381, 495, 383, 460, 493, 183, 163, 202, 267, 191, 385, 204, 219, 224, 176, 214, 413, 360, 198, 482, 2, 434, 335, 27, 194, 337, 339, 346, 97, 347, 5, 58, 405, 36, 207, 67, 464, 489, 56, 243, 203, 496, 55, 127, 134, 391, 112, 260, 424, 244, 269, 242, 280, 332, 449, 417, 74, 93, 79, 16, 100, 427, 49, 439, 122, 82, 466, 377, 279, 103, 81, 396, 50, 21, 328, 432, 98, 465, 440, 403, 164, 187, 350, 89, 341, 99, 181, 362, 437, 423, 389, 414, 185, 324]
35480
Execution time: 121.76028370857239

First solution:
[121, 303, 278, 66, 189, 468, 309, 242, 320, 297, 33, 310, 6, 465, 428, 240, 132, 282, 119, 98, 367, 484, 276, 485, 281, 243, 203, 327, 440, 77, 118, 325, 470, 444, 267, 199, 379, 7, 343, 397, 32, 81, 388, 302, 21, 154, 399, 15, 421, 443, 137, 492, 304, 368, 198, 365, 403, 218, 202, 372, 410, 295, 227, 68, 187, 49, 18, 69, 253, 111, 483, 344, 223, 398, 491, 454, 215, 259, 197, 293, 179, 273, 299, 208, 417, 469, 172, 349, 14, 143, 488, 461, 356, 83, 357, 167, 277, 292, 291, 53, 466, 335, 108, 324, 420, 136, 145, 63, 459, 246, 472, 247, 45, 176, 34, 210, 467, 10, 150, 442, 212, 60, 22, 493, 314, 23, 193, 479, 300, 169, 482, 142, 258, 120, 433, 158, 3, 39, 55, 307, 274, 16, 101, 416, 149, 312, 134, 79, 455, 173, 160, 184, 70, 373, 192, 235, 266, 451, 329, 447, 286, 52, 317, 422, 138, 220, 396, 499, 424, 427, 429, 408, 155, 280, 350, 5, 463, 296, 161, 382, 345, 315, 301, 436, 30, 170, 238, 180, 354, 446, 250, 11, 337, 31, 425, 495, 128, 233, 152, 163, 90, 186, 94, 412, 340, 135, 153, 346, 400, 13, 67, 364, 256, 113, 449, 122, 404, 95, 222, 434, 338, 164, 375, 114, 224, 86, 40, 413, 430, 230, 426, 115, 61, 17, 97, 321, 93, 409, 174, 43, 386, 496, 423, 355, 269, 414, 88, 162, 106, 74, 107, 393, 104, 9, 476, 105, 362, 51, 1, 284, 213, 225, 159, 130, 271, 439, 183, 56, 8, 190, 116, 214, 319, 370, 191, 341, 73, 139, 87, 58, 328, 381, 330, 318, 207, 62, 308, 231, 205, 177, 131, 50, 110, 147, 12, 363, 123, 270, 216, 260, 498, 76, 486, 226, 333, 353, 285, 244, 290, 156, 29, 221, 391, 64, 255, 478, 452, 415, 232, 407, 306, 394, 201, 200, 342, 347, 435, 241, 124, 322, 146, 102, 211, 432, 392, 316, 288, 194, 133, 460, 313, 332, 82, 0, 411, 494, 239, 419, 283, 219, 473, 323, 377, 209, 464, 125, 80, 418, 234, 453, 89, 480, 99, 383, 92, 289, 48, 84, 109, 360, 331, 441, 265, 405, 305, 72, 206, 195, 47, 334, 178, 406, 100, 166, 264, 458, 168, 348, 352, 361, 487, 371, 141, 165, 127, 475, 262, 401, 431, 339, 366, 2, 236, 27, 497, 385, 126, 75, 390, 54, 28, 182, 358, 204, 41, 450, 71, 489, 456, 59, 477, 252, 268, 237, 103, 171, 369, 445, 248, 378, 140, 384, 326, 112, 395, 151, 481, 65, 279, 272, 351, 117, 263, 462, 261, 57, 181, 336, 217, 44, 229, 37, 19, 471, 185, 36, 129, 157, 245, 196, 35, 294, 474, 359, 251, 20, 228, 4, 85, 46, 490, 402, 389, 275, 287, 24, 298, 148, 42, 26, 374, 249, 380, 376, 387, 38, 25, 311, 96, 437, 78, 188, 457, 257, 448, 438, 91, 254, 144, 175]
First solution value:
35922
Execution: 3 Seed: 3
Final solution and makespan:
[387, 50, 82, 343, 44, 208, 184, 225, 431, 102, 106, 377, 129, 330, 182, 324, 375, 217, 135, 128, 354, 230, 467, 309, 252, 472, 21, 27, 13, 440, 24, 178, 133, 88, 130, 154, 234, 364, 76, 220, 224, 335, 134, 451, 18, 7, 399, 17, 382, 132, 286, 313, 151, 483, 219, 153, 172, 333, 239, 494, 244, 306, 487, 161, 229, 456, 290, 68, 148, 444, 383, 388, 79, 215, 323, 236, 283, 493, 35, 140, 223, 144, 419, 351, 53, 381, 49, 57, 95, 394, 417, 6, 192, 437, 175, 376, 296, 176, 218, 393, 365, 83, 341, 248, 267, 489, 292, 473, 279, 338, 406, 91, 227, 246, 447, 157, 479, 353, 435, 397, 195, 137, 264, 41, 477, 284, 488, 213, 326, 255, 363, 369, 379, 212, 452, 63, 26, 196, 67, 413, 421, 265, 490, 111, 197, 462, 62, 345, 98, 38, 211, 278, 221, 238, 386, 180, 166, 254, 276, 109, 474, 391, 120, 253, 348, 31, 40, 463, 405, 358, 355, 432, 114, 174, 307, 94, 4, 143, 407, 459, 446, 42, 402, 14, 261, 158, 105, 191, 466, 400, 90, 30, 367, 362, 173, 366, 262, 66, 311, 372, 190, 327, 131, 222, 22, 89, 200, 350, 454, 205, 385, 75, 39, 455, 428, 65, 141, 425, 357, 450, 2, 300, 51, 32, 497, 113, 168, 60, 485, 418, 240, 61, 36, 392, 427, 277, 260, 37, 423, 295, 210, 185, 318, 56, 441, 8, 85, 280, 398, 167, 281, 250, 287, 77, 23, 231, 294, 0, 139, 145, 266, 259, 199, 384, 156, 33, 340, 470, 301, 15, 112, 461, 100, 331, 136, 206, 361, 242, 123, 103, 476, 146, 194, 420, 71, 171, 352, 97, 422, 193, 115, 465, 251, 378, 303, 96, 87, 78, 142, 475, 122, 73, 274, 92, 457, 317, 411, 233, 408, 186, 404, 289, 187, 214, 164, 316, 332, 370, 149, 334, 291, 48, 258, 228, 486, 395, 54, 10, 320, 189, 99, 232, 304, 339, 55, 453, 226, 203, 342, 439, 499, 204, 443, 11, 482, 28, 349, 438, 319, 216, 492, 74, 426, 346, 181, 47, 64, 322, 257, 271, 209, 359, 458, 389, 237, 314, 138, 424, 110, 448, 263, 34, 188, 272, 12, 235, 249, 81, 80, 464, 299, 165, 414, 442, 481, 416, 480, 328, 409, 403, 484, 495, 104, 325, 124, 371, 368, 160, 310, 321, 163, 288, 118, 243, 84, 247, 374, 429, 29, 449, 268, 70, 302, 58, 256, 93, 107, 127, 179, 412, 471, 43, 183, 298, 337, 9, 433, 270, 159, 312, 72, 162, 336, 415, 445, 491, 308, 5, 125, 101, 1, 434, 468, 293, 25, 121, 19, 329, 241, 198, 59, 347, 469, 305, 20, 269, 46, 69, 52, 170, 117, 150, 430, 460, 436, 207, 245, 3, 119, 390, 380, 356, 401, 152, 496, 396, 275, 169, 282, 16, 285, 108, 410, 315, 478, 45, 201, 373, 147, 202, 498, 126, 177, 86, 155, 360, 344, 297, 116, 273]
35590
Execution time: 97.49311375617981

First solution:
[120, 155, 52, 369, 202, 245, 79, 46, 34, 10, 205, 281, 469, 148, 409, 391, 30, 113, 266, 274, 184, 141, 399, 88, 423, 54, 134, 109, 13, 424, 328, 413, 133, 485, 139, 99, 84, 158, 486, 321, 444, 374, 437, 434, 450, 190, 44, 432, 310, 172, 343, 198, 259, 127, 91, 126, 242, 143, 45, 418, 280, 430, 153, 3, 149, 293, 360, 159, 484, 260, 464, 211, 216, 306, 147, 220, 231, 82, 119, 156, 132, 416, 408, 22, 41, 23, 236, 320, 442, 265, 273, 331, 241, 358, 175, 74, 344, 100, 491, 428, 103, 325, 323, 225, 478, 94, 182, 223, 382, 301, 164, 324, 285, 101, 165, 51, 31, 362, 117, 142, 298, 315, 121, 62, 169, 90, 461, 235, 471, 21, 393, 357, 42, 146, 345, 167, 9, 385, 425, 389, 78, 333, 210, 317, 348, 39, 150, 316, 98, 227, 435, 69, 128, 195, 426, 81, 375, 456, 4, 186, 440, 232, 86, 340, 185, 373, 292, 49, 224, 106, 217, 330, 58, 483, 383, 28, 337, 304, 76, 451, 20, 279, 251, 379, 446, 433, 18, 376, 270, 349, 209, 102, 244, 477, 123, 417, 368, 356, 313, 112, 215, 350, 378, 219, 110, 255, 96, 16, 390, 130, 129, 124, 269, 487, 118, 213, 467, 72, 166, 26, 161, 59, 206, 319, 253, 448, 47, 470, 107, 463, 455, 151, 407, 318, 299, 295, 137, 173, 200, 254, 38, 411, 97, 339, 495, 230, 462, 32, 196, 247, 68, 170, 296, 15, 222, 367, 176, 162, 387, 145, 499, 191, 365, 429, 55, 204, 0, 474, 40, 436, 420, 322, 65, 29, 386, 207, 197, 261, 257, 56, 140, 371, 384, 415, 171, 498, 311, 309, 258, 480, 494, 239, 473, 300, 6, 276, 8, 178, 152, 388, 125, 400, 352, 214, 35, 490, 92, 234, 283, 2, 460, 476, 19, 370, 465, 116, 221, 497, 493, 468, 278, 288, 308, 24, 187, 226, 275, 93, 131, 111, 286, 482, 17, 160, 50, 163, 77, 122, 108, 326, 380, 307, 95, 427, 441, 447, 83, 459, 397, 66, 138, 1, 43, 334, 181, 488, 335, 212, 294, 305, 228, 405, 238, 312, 105, 75, 445, 327, 492, 233, 218, 80, 421, 402, 479, 282, 354, 297, 248, 64, 201, 272, 359, 240, 267, 431, 291, 252, 351, 189, 410, 284, 361, 364, 372, 194, 314, 168, 268, 199, 256, 36, 466, 25, 73, 453, 396, 443, 11, 363, 329, 422, 180, 262, 457, 183, 229, 87, 154, 454, 237, 347, 67, 263, 302, 12, 192, 414, 63, 458, 14, 188, 61, 452, 403, 89, 144, 57, 398, 303, 355, 412, 395, 179, 481, 157, 401, 475, 33, 353, 342, 277, 332, 338, 177, 114, 439, 37, 290, 406, 264, 53, 174, 346, 136, 135, 243, 366, 70, 496, 381, 115, 472, 250, 419, 193, 287, 203, 246, 7, 336, 377, 341, 27, 60, 449, 392, 85, 289, 489, 208, 249, 394, 404, 71, 48, 5, 104, 271, 438]
First solution value:
37118
Execution: 4 Seed: 4
Final solution and makespan:
[444, 419, 372, 48, 37, 316, 457, 258, 315, 139, 290, 220, 96, 171, 361, 272, 57, 485, 314, 351, 255, 58, 468, 301, 274, 148, 115, 284, 289, 186, 442, 371, 241, 207, 209, 2, 114, 347, 332, 405, 188, 495, 443, 59, 39, 282, 394, 448, 8, 460, 306, 100, 291, 434, 165, 473, 271, 45, 354, 199, 74, 319, 428, 360, 302, 75, 98, 400, 89, 213, 475, 179, 393, 326, 465, 153, 480, 378, 253, 44, 363, 423, 421, 175, 71, 193, 219, 109, 52, 471, 279, 217, 7, 61, 31, 338, 49, 450, 441, 1, 488, 416, 245, 107, 79, 210, 327, 6, 404, 298, 4, 265, 54, 158, 230, 101, 295, 33, 436, 454, 23, 477, 294, 263, 415, 370, 42, 344, 425, 240, 429, 28, 13, 40, 398, 261, 218, 478, 102, 296, 353, 211, 341, 131, 310, 464, 432, 293, 224, 135, 268, 413, 379, 132, 3, 288, 486, 157, 275, 130, 466, 470, 325, 463, 51, 242, 60, 440, 190, 144, 395, 426, 232, 90, 387, 205, 147, 118, 67, 104, 411, 366, 16, 99, 269, 392, 106, 215, 462, 492, 458, 422, 140, 346, 304, 313, 136, 29, 73, 201, 424, 455, 83, 123, 234, 128, 172, 435, 66, 408, 170, 333, 65, 297, 427, 142, 198, 491, 111, 77, 399, 257, 159, 119, 308, 177, 334, 433, 343, 345, 283, 481, 92, 231, 0, 256, 376, 161, 267, 238, 489, 384, 331, 498, 249, 476, 19, 162, 63, 125, 237, 386, 456, 397, 5, 418, 85, 385, 216, 41, 229, 479, 469, 357, 127, 303, 248, 168, 330, 356, 499, 496, 236, 278, 439, 459, 410, 12, 358, 318, 494, 145, 62, 129, 417, 430, 342, 70, 134, 299, 24, 124, 35, 155, 382, 311, 243, 260, 72, 189, 14, 305, 149, 184, 32, 449, 336, 103, 300, 389, 402, 482, 324, 30, 497, 185, 335, 120, 26, 112, 105, 137, 467, 246, 143, 367, 88, 493, 167, 277, 461, 151, 285, 18, 183, 206, 178, 364, 322, 69, 317, 390, 287, 202, 36, 368, 431, 377, 375, 239, 403, 25, 452, 180, 276, 286, 156, 82, 381, 323, 68, 383, 166, 53, 474, 350, 307, 406, 94, 110, 359, 113, 329, 355, 270, 204, 223, 339, 22, 412, 281, 250, 487, 81, 141, 133, 490, 56, 181, 21, 259, 55, 374, 280, 126, 380, 362, 328, 176, 292, 409, 414, 122, 388, 9, 11, 312, 348, 174, 262, 164, 445, 187, 225, 50, 352, 208, 78, 251, 222, 227, 247, 95, 87, 80, 43, 17, 117, 93, 451, 309, 34, 152, 369, 453, 264, 420, 200, 194, 47, 340, 401, 160, 228, 97, 254, 226, 169, 365, 116, 252, 192, 173, 483, 64, 20, 447, 84, 214, 391, 321, 349, 407, 27, 484, 396, 38, 320, 108, 146, 154, 91, 191, 196, 182, 244, 221, 235, 212, 15, 195, 373, 150, 472, 76, 233, 337, 10, 438, 437, 163, 121, 86, 138, 273, 446, 266, 46, 197, 203]
35535
Execution time: 99.75527572631836


Mean makespan: 17741.2