First solution:
[432, 197, 388, 455, 215, 20, 132, 261, 248, 207, 470, 401, 424, 155, 244, 183, 298, 456, 464, 111, 258, 71, 144, 478, 386, 48, 316, 409, 128, 465, 272, 361, 414, 308, 461, 75, 158, 50, 373, 37, 435, 350, 169, 241, 286, 51, 181, 222, 161, 312, 327, 104, 282, 485, 226, 443, 266, 133, 31, 412, 280, 7, 47, 368, 430, 204, 363, 422, 488, 342, 320, 0, 313, 252, 423, 170, 124, 489, 166, 360, 32, 97, 290, 113, 122, 411, 72, 467, 278, 229, 46, 41, 163, 260, 250, 55, 154, 447, 149, 468, 63, 439, 487, 276, 448, 466, 398, 300, 147, 227, 472, 305, 498, 162, 294, 123, 148, 94, 96, 95, 16, 427, 336, 442, 243, 35, 45, 347, 66, 76, 19, 408, 358, 396, 349, 200, 400, 268, 141, 267, 120, 110, 372, 301, 214, 296, 140, 230, 426, 338, 328, 182, 42, 421, 378, 59, 249, 392, 322, 171, 418, 425, 8, 138, 344, 112, 190, 87, 397, 218, 441, 454, 74, 334, 23, 293, 273, 394, 460, 13, 399, 381, 310, 385, 61, 364, 389, 189, 335, 18, 11, 99, 382, 319, 245, 107, 329, 309, 440, 217, 365, 376, 374, 416, 36, 403, 179, 223, 92, 303, 257, 239, 494, 299, 314, 102, 483, 484, 240, 86, 395, 29, 81, 82, 175, 271, 471, 60, 445, 89, 6, 482, 209, 406, 159, 348, 198, 323, 78, 269, 234, 40, 340, 325, 143, 34, 315, 195, 446, 384, 90, 156, 73, 172, 91, 151, 242, 228, 475, 330, 463, 33, 402, 79, 341, 191, 106, 212, 346, 287, 428, 152, 49, 178, 85, 479, 253, 57, 407, 114, 318, 453, 246, 145, 233, 337, 284, 324, 216, 304, 387, 457, 281, 302, 357, 220, 379, 371, 232, 224, 434, 135, 458, 255, 473, 193, 410, 9, 126, 83, 236, 119, 12, 495, 474, 353, 362, 21, 238, 3, 213, 173, 186, 80, 194, 54, 180, 275, 263, 491, 25, 185, 30, 486, 462, 77, 476, 345, 208, 121, 101, 352, 5, 70, 115, 356, 65, 254, 283, 88, 351, 39, 221, 4, 10, 211, 52, 202, 176, 93, 477, 259, 117, 480, 380, 499, 53, 219, 449, 2, 297, 38, 69, 205, 43, 265, 437, 497, 206, 125, 235, 450, 146, 157, 375, 288, 369, 131, 321, 237, 165, 331, 203, 136, 14, 292, 184, 167, 444, 383, 22, 142, 103, 192, 262, 496, 377, 289, 251, 429, 187, 391, 279, 469, 359, 225, 15, 332, 105, 306, 174, 137, 291, 339, 354, 264, 413, 168, 160, 355, 139, 451, 28, 438, 390, 1, 270, 68, 129, 490, 317, 67, 417, 109, 177, 134, 84, 343, 27, 116, 256, 277, 210, 404, 127, 307, 433, 188, 98, 492, 64, 393, 58, 415, 436, 452, 62, 405, 196, 199, 100, 164, 420, 481, 285, 274, 44, 247, 295, 150, 17, 367, 24, 333, 311, 493, 153, 118, 326, 231, 108, 366, 56, 201, 26, 370, 431, 130, 459, 419]
First solution value:
36843
Execution: 0 Seed: 0
Final solution and makespan:
[328, 275, 157, 196, 333, 448, 256, 199, 6, 64, 380, 419, 95, 17, 205, 481, 40, 447, 185, 369, 195, 469, 119, 225, 200, 130, 439, 99, 13, 281, 235, 464, 450, 283, 414, 188, 264, 223, 302, 271, 51, 444, 161, 60, 251, 412, 88, 343, 242, 71, 241, 138, 454, 147, 176, 440, 1, 497, 462, 365, 194, 390, 442, 96, 45, 14, 463, 431, 48, 351, 348, 495, 383, 203, 274, 307, 360, 37, 67, 216, 201, 468, 26, 123, 441, 243, 480, 145, 428, 297, 152, 338, 222, 413, 139, 347, 111, 336, 212, 94, 467, 485, 28, 110, 397, 309, 44, 382, 272, 86, 192, 399, 245, 377, 286, 486, 477, 299, 221, 332, 190, 156, 257, 97, 191, 136, 418, 276, 416, 255, 259, 422, 160, 4, 115, 224, 76, 173, 345, 305, 253, 159, 438, 178, 116, 202, 445, 456, 228, 325, 46, 476, 231, 16, 320, 368, 312, 298, 153, 121, 291, 458, 20, 398, 341, 359, 36, 90, 9, 355, 252, 74, 290, 258, 232, 31, 323, 473, 210, 166, 279, 23, 98, 282, 91, 220, 319, 143, 437, 374, 278, 304, 432, 433, 366, 42, 122, 144, 183, 346, 218, 342, 214, 19, 324, 449, 118, 358, 434, 370, 311, 496, 171, 415, 132, 206, 293, 263, 154, 474, 108, 489, 392, 187, 254, 18, 396, 169, 494, 186, 21, 197, 8, 84, 211, 151, 356, 149, 295, 394, 334, 335, 70, 475, 429, 344, 363, 294, 53, 498, 52, 131, 499, 376, 181, 265, 57, 354, 56, 155, 405, 137, 483, 246, 150, 352, 237, 287, 87, 296, 43, 117, 367, 484, 107, 353, 113, 129, 321, 457, 80, 239, 135, 384, 389, 387, 213, 492, 330, 219, 280, 313, 75, 69, 385, 479, 101, 58, 55, 198, 62, 247, 364, 172, 470, 230, 361, 105, 170, 68, 329, 142, 350, 340, 12, 208, 316, 459, 128, 371, 491, 5, 310, 273, 420, 35, 27, 417, 349, 180, 174, 209, 47, 54, 277, 66, 77, 443, 400, 164, 78, 451, 461, 401, 106, 425, 49, 426, 41, 339, 472, 326, 146, 7, 79, 65, 408, 162, 301, 406, 493, 34, 314, 402, 381, 487, 127, 148, 39, 238, 29, 109, 284, 141, 411, 233, 102, 10, 490, 100, 236, 158, 92, 103, 446, 217, 226, 453, 409, 427, 177, 404, 266, 73, 424, 234, 167, 465, 407, 38, 373, 82, 375, 140, 488, 303, 267, 124, 32, 134, 61, 270, 269, 478, 289, 250, 120, 308, 204, 63, 248, 22, 315, 300, 175, 268, 423, 322, 292, 0, 403, 435, 184, 430, 261, 81, 260, 25, 83, 357, 306, 126, 327, 471, 288, 182, 337, 378, 125, 372, 189, 244, 179, 391, 33, 112, 379, 262, 317, 104, 436, 362, 163, 93, 89, 59, 285, 30, 452, 249, 207, 421, 240, 318, 165, 11, 466, 410, 72, 388, 15, 482, 114, 2, 193, 331, 85, 3, 460, 395, 229, 386, 24, 133, 50, 215, 393, 168, 227, 455]
35465
Execution time: 623.3750495910645


Mean makespan: 3546.5