First solution:
[432, 197, 388, 455, 215, 20, 132, 261, 248, 207, 470, 401, 424, 155, 244, 183, 298, 456, 464, 111, 258, 71, 144, 478, 386, 48, 316, 409, 128, 465, 272, 361, 414, 308, 461, 75, 158, 50, 373, 37, 435, 350, 169, 241, 286, 51, 181, 222, 161, 312, 327, 104, 282, 485, 226, 443, 266, 133, 31, 412, 280, 7, 47, 368, 430, 204, 363, 422, 488, 342, 320, 0, 313, 252, 423, 170, 124, 489, 166, 360, 32, 97, 290, 113, 122, 411, 72, 467, 278, 229, 46, 41, 163, 260, 250, 55, 154, 447, 149, 468, 63, 439, 487, 276, 448, 466, 398, 300, 147, 227, 472, 305, 498, 162, 294, 123, 148, 94, 96, 95, 16, 427, 336, 442, 243, 35, 45, 347, 66, 76, 19, 408, 358, 396, 349, 200, 400, 268, 141, 267, 120, 110, 372, 301, 214, 296, 140, 230, 426, 338, 328, 182, 42, 421, 378, 59, 249, 392, 322, 171, 418, 425, 8, 138, 344, 112, 190, 87, 397, 218, 441, 454, 74, 334, 23, 293, 273, 394, 460, 13, 399, 381, 310, 385, 61, 364, 389, 189, 335, 18, 11, 99, 382, 319, 245, 107, 329, 309, 440, 217, 365, 376, 374, 416, 36, 403, 179, 223, 92, 303, 257, 239, 494, 299, 314, 102, 483, 484, 240, 86, 395, 29, 81, 82, 175, 271, 471, 60, 445, 89, 6, 482, 209, 406, 159, 348, 198, 323, 78, 269, 234, 40, 340, 325, 143, 34, 315, 195, 446, 384, 90, 156, 73, 172, 91, 151, 242, 228, 475, 330, 463, 33, 402, 79, 341, 191, 106, 212, 346, 287, 428, 152, 49, 178, 85, 479, 253, 57, 407, 114, 318, 453, 246, 145, 233, 337, 284, 324, 216, 304, 387, 457, 281, 302, 357, 220, 379, 371, 232, 224, 434, 135, 458, 255, 473, 193, 410, 9, 126, 83, 236, 119, 12, 495, 474, 353, 362, 21, 238, 3, 213, 173, 186, 80, 194, 54, 180, 275, 263, 491, 25, 185, 30, 486, 462, 77, 476, 345, 208, 121, 101, 352, 5, 70, 115, 356, 65, 254, 283, 88, 351, 39, 221, 4, 10, 211, 52, 202, 176, 93, 477, 259, 117, 480, 380, 499, 53, 219, 449, 2, 297, 38, 69, 205, 43, 265, 437, 497, 206, 125, 235, 450, 146, 157, 375, 288, 369, 131, 321, 237, 165, 331, 203, 136, 14, 292, 184, 167, 444, 383, 22, 142, 103, 192, 262, 496, 377, 289, 251, 429, 187, 391, 279, 469, 359, 225, 15, 332, 105, 306, 174, 137, 291, 339, 354, 264, 413, 168, 160, 355, 139, 451, 28, 438, 390, 1, 270, 68, 129, 490, 317, 67, 417, 109, 177, 134, 84, 343, 27, 116, 256, 277, 210, 404, 127, 307, 433, 188, 98, 492, 64, 393, 58, 415, 436, 452, 62, 405, 196, 199, 100, 164, 420, 481, 285, 274, 44, 247, 295, 150, 17, 367, 24, 333, 311, 493, 153, 118, 326, 231, 108, 366, 56, 201, 26, 370, 431, 130, 459, 419]
First solution value:
33981
Execution: 0 Seed: 0
Final solution and makespan:
[28, 286, 256, 170, 174, 475, 186, 281, 56, 65, 490, 33, 42, 234, 282, 157, 357, 474, 418, 313, 31, 158, 442, 156, 93, 441, 455, 67, 254, 53, 117, 131, 294, 240, 348, 47, 368, 461, 472, 160, 249, 273, 187, 218, 301, 133, 493, 375, 262, 1, 173, 367, 336, 231, 310, 347, 488, 257, 99, 60, 82, 189, 379, 424, 152, 326, 333, 115, 314, 322, 86, 229, 428, 466, 5, 454, 380, 296, 492, 378, 263, 51, 140, 20, 452, 6, 444, 404, 145, 94, 191, 54, 211, 2, 330, 480, 147, 423, 355, 447, 11, 121, 227, 196, 430, 302, 139, 232, 324, 386, 449, 422, 197, 77, 95, 468, 149, 284, 138, 230, 150, 226, 222, 421, 317, 32, 49, 359, 346, 270, 477, 483, 320, 292, 307, 0, 120, 489, 104, 436, 242, 465, 21, 373, 62, 136, 169, 360, 41, 266, 201, 291, 245, 495, 84, 190, 112, 366, 57, 476, 96, 73, 165, 351, 358, 308, 63, 64, 107, 162, 478, 177, 265, 338, 68, 434, 369, 85, 38, 450, 129, 318, 343, 116, 167, 16, 7, 457, 259, 460, 419, 3, 146, 14, 425, 328, 30, 431, 213, 66, 448, 46, 58, 163, 159, 61, 394, 376, 377, 83, 389, 349, 238, 309, 470, 340, 195, 87, 332, 220, 251, 207, 391, 393, 370, 39, 258, 413, 323, 176, 293, 409, 225, 4, 414, 275, 400, 329, 45, 164, 72, 362, 264, 481, 52, 387, 113, 410, 499, 298, 486, 405, 17, 246, 342, 487, 438, 300, 135, 126, 171, 168, 278, 34, 185, 341, 50, 279, 383, 331, 18, 221, 81, 319, 109, 253, 40, 305, 55, 223, 382, 155, 283, 181, 206, 316, 141, 22, 471, 429, 276, 453, 35, 132, 184, 496, 108, 75, 395, 440, 103, 439, 70, 479, 205, 130, 446, 202, 289, 127, 89, 217, 179, 134, 271, 192, 148, 9, 274, 406, 462, 411, 90, 175, 250, 354, 12, 344, 356, 79, 25, 188, 353, 210, 426, 398, 200, 27, 337, 237, 98, 59, 29, 445, 385, 243, 88, 180, 408, 287, 403, 345, 236, 464, 71, 105, 239, 219, 285, 467, 435, 78, 153, 212, 399, 101, 491, 261, 388, 412, 74, 166, 303, 469, 339, 124, 224, 26, 352, 415, 15, 402, 23, 123, 92, 306, 458, 443, 295, 290, 350, 106, 269, 312, 372, 76, 482, 437, 397, 321, 484, 498, 43, 417, 154, 432, 427, 459, 451, 374, 363, 420, 36, 151, 304, 280, 260, 315, 392, 384, 110, 198, 97, 215, 297, 199, 244, 118, 209, 161, 204, 203, 125, 255, 497, 268, 473, 142, 272, 381, 183, 24, 247, 311, 327, 182, 390, 137, 114, 13, 494, 277, 91, 214, 299, 365, 241, 325, 463, 485, 252, 193, 178, 100, 111, 335, 172, 371, 37, 19, 208, 233, 10, 69, 80, 144, 194, 456, 288, 267, 334, 44, 228, 401, 143, 396, 48, 361, 364, 128, 122, 248, 416, 433, 8, 216, 119, 235, 407, 102]
32568
Execution time: 728.4070374965668

First solution:
[68, 291, 433, 410, 391, 32, 130, 60, 253, 389, 230, 241, 333, 194, 403, 107, 48, 249, 14, 457, 427, 199, 221, 311, 390, 392, 1, 356, 228, 136, 369, 496, 117, 302, 52, 461, 162, 15, 11, 13, 332, 277, 4, 451, 195, 351, 110, 216, 371, 481, 270, 113, 495, 224, 491, 283, 119, 176, 118, 346, 112, 490, 235, 148, 464, 213, 428, 284, 328, 51, 95, 322, 370, 151, 61, 380, 170, 469, 364, 256, 452, 259, 343, 97, 155, 145, 300, 255, 258, 201, 301, 17, 245, 124, 424, 206, 212, 340, 88, 187, 280, 359, 397, 345, 377, 191, 44, 446, 339, 260, 55, 83, 266, 468, 189, 250, 375, 462, 240, 22, 157, 360, 314, 303, 296, 386, 331, 87, 86, 257, 116, 6, 102, 276, 399, 441, 207, 263, 442, 295, 180, 437, 137, 337, 365, 476, 2, 196, 262, 66, 265, 287, 105, 218, 28, 246, 186, 498, 444, 367, 411, 211, 248, 182, 485, 177, 0, 275, 366, 319, 313, 169, 234, 307, 450, 467, 90, 281, 299, 92, 46, 282, 493, 16, 36, 42, 8, 231, 7, 143, 127, 357, 56, 94, 361, 436, 35, 85, 81, 317, 449, 456, 139, 150, 232, 164, 254, 242, 58, 12, 159, 197, 175, 215, 96, 132, 438, 129, 261, 484, 477, 10, 115, 9, 203, 74, 18, 82, 471, 418, 440, 439, 264, 489, 114, 382, 202, 294, 269, 30, 152, 64, 108, 24, 156, 273, 219, 19, 79, 327, 381, 76, 190, 40, 106, 144, 447, 33, 353, 310, 474, 217, 373, 426, 209, 341, 387, 414, 324, 43, 338, 222, 271, 478, 398, 289, 413, 237, 285, 430, 401, 25, 465, 146, 172, 453, 236, 49, 126, 26, 423, 99, 75, 318, 309, 480, 388, 412, 402, 72, 204, 344, 220, 459, 244, 34, 298, 109, 54, 499, 286, 420, 416, 140, 445, 348, 470, 406, 183, 492, 316, 278, 21, 486, 233, 395, 308, 394, 247, 466, 153, 404, 65, 306, 193, 372, 29, 274, 225, 154, 125, 305, 304, 141, 210, 272, 178, 104, 293, 400, 37, 494, 454, 163, 279, 252, 417, 57, 20, 171, 93, 363, 181, 419, 312, 70, 27, 435, 138, 3, 223, 23, 347, 325, 205, 448, 101, 5, 188, 475, 100, 131, 53, 362, 229, 142, 334, 147, 120, 422, 429, 479, 460, 384, 483, 103, 69, 149, 134, 379, 91, 425, 198, 290, 415, 352, 383, 122, 168, 473, 374, 472, 297, 349, 50, 268, 288, 329, 160, 84, 185, 342, 458, 443, 133, 321, 161, 45, 292, 128, 463, 192, 39, 497, 31, 330, 431, 238, 408, 320, 239, 396, 73, 41, 315, 326, 336, 77, 121, 455, 488, 214, 432, 59, 89, 358, 267, 135, 368, 158, 67, 200, 165, 184, 62, 323, 407, 350, 226, 409, 98, 421, 335, 123, 78, 487, 243, 166, 227, 47, 71, 393, 167, 208, 63, 80, 111, 434, 251, 482, 378, 174, 38, 355, 405, 173, 385, 354, 179, 376]
First solution value:
34055
Execution: 1 Seed: 1
Final solution and makespan:
[22, 397, 491, 435, 482, 7, 96, 38, 11, 498, 9, 417, 150, 488, 455, 219, 8, 305, 56, 262, 481, 338, 493, 41, 249, 130, 312, 286, 261, 391, 440, 430, 418, 403, 147, 101, 141, 364, 153, 377, 217, 120, 367, 301, 472, 379, 173, 175, 127, 436, 19, 73, 407, 162, 351, 24, 149, 113, 264, 133, 439, 384, 137, 362, 426, 284, 224, 86, 288, 460, 387, 456, 69, 268, 304, 267, 232, 478, 53, 303, 237, 337, 260, 388, 325, 178, 151, 68, 222, 245, 50, 228, 465, 216, 307, 409, 324, 323, 129, 103, 144, 468, 1, 192, 39, 366, 280, 135, 221, 231, 182, 396, 243, 198, 428, 93, 331, 235, 212, 60, 334, 83, 263, 30, 202, 277, 205, 244, 108, 483, 395, 459, 5, 376, 496, 195, 14, 20, 156, 102, 299, 215, 461, 425, 23, 241, 134, 273, 206, 375, 194, 172, 333, 104, 118, 320, 363, 210, 497, 317, 106, 347, 314, 152, 92, 454, 193, 225, 167, 381, 343, 354, 470, 329, 369, 49, 170, 344, 315, 269, 87, 40, 59, 282, 220, 348, 12, 160, 368, 419, 112, 74, 414, 199, 385, 18, 42, 116, 25, 88, 256, 451, 382, 84, 122, 297, 285, 65, 189, 394, 495, 2, 355, 306, 70, 494, 342, 326, 402, 164, 411, 357, 464, 341, 13, 374, 300, 350, 479, 169, 283, 107, 209, 266, 95, 457, 110, 234, 186, 474, 203, 142, 349, 78, 51, 291, 139, 52, 44, 295, 424, 100, 27, 239, 190, 140, 177, 200, 450, 416, 247, 309, 466, 393, 336, 421, 449, 345, 271, 499, 32, 0, 196, 180, 82, 361, 179, 29, 67, 155, 3, 298, 308, 390, 188, 236, 281, 166, 81, 319, 6, 378, 35, 408, 185, 272, 168, 372, 415, 77, 327, 55, 114, 313, 136, 292, 475, 356, 278, 163, 255, 125, 91, 128, 330, 352, 476, 204, 146, 296, 97, 398, 230, 47, 251, 429, 109, 66, 89, 240, 392, 289, 437, 432, 187, 161, 420, 227, 57, 85, 48, 467, 270, 62, 485, 76, 365, 10, 471, 444, 226, 473, 233, 275, 119, 208, 211, 4, 207, 111, 405, 276, 258, 79, 34, 290, 159, 176, 293, 138, 486, 492, 26, 248, 98, 370, 58, 477, 105, 386, 154, 246, 371, 145, 201, 401, 242, 412, 287, 427, 438, 480, 197, 17, 410, 445, 36, 404, 158, 294, 434, 223, 335, 274, 254, 463, 157, 279, 373, 383, 257, 489, 433, 259, 72, 339, 31, 229, 487, 431, 413, 399, 452, 328, 171, 360, 302, 453, 310, 46, 45, 469, 400, 124, 63, 422, 71, 332, 406, 184, 316, 99, 389, 213, 311, 458, 16, 64, 346, 33, 447, 43, 218, 126, 318, 490, 115, 123, 54, 15, 214, 191, 183, 484, 80, 131, 148, 442, 340, 446, 250, 253, 359, 380, 132, 443, 238, 358, 265, 61, 353, 462, 252, 441, 174, 121, 21, 143, 94, 321, 37, 28, 322, 423, 117, 448, 90, 75, 165, 181]
32601
Execution time: 839.84108543396

First solution:
[489, 441, 485, 434, 28, 46, 43, 184, 427, 86, 376, 414, 342, 437, 157, 128, 310, 108, 483, 18, 297, 348, 81, 220, 326, 201, 411, 370, 440, 260, 190, 278, 227, 257, 137, 461, 480, 445, 14, 186, 238, 163, 194, 216, 452, 269, 84, 286, 90, 120, 118, 12, 451, 166, 88, 69, 261, 443, 492, 263, 345, 455, 93, 228, 407, 212, 499, 268, 390, 460, 404, 303, 181, 185, 436, 82, 386, 204, 366, 378, 236, 335, 271, 127, 250, 142, 255, 256, 471, 435, 491, 338, 232, 419, 179, 290, 371, 285, 472, 233, 249, 337, 113, 446, 358, 85, 315, 465, 245, 158, 155, 361, 258, 287, 265, 259, 333, 393, 301, 208, 159, 374, 106, 415, 262, 187, 350, 319, 38, 174, 4, 97, 54, 30, 294, 334, 25, 139, 302, 116, 349, 367, 267, 444, 136, 125, 107, 421, 456, 16, 29, 426, 498, 462, 416, 344, 448, 42, 58, 34, 343, 20, 10, 191, 130, 65, 80, 94, 357, 0, 197, 381, 22, 126, 77, 463, 2, 176, 382, 57, 146, 172, 433, 15, 497, 229, 282, 309, 23, 135, 205, 78, 242, 115, 47, 161, 52, 339, 314, 364, 385, 474, 399, 473, 167, 73, 401, 132, 134, 214, 9, 402, 71, 359, 129, 17, 67, 424, 87, 49, 410, 449, 470, 373, 475, 119, 467, 37, 484, 41, 360, 347, 131, 351, 488, 323, 325, 324, 196, 209, 313, 56, 44, 123, 428, 363, 5, 494, 192, 59, 26, 55, 6, 133, 171, 468, 454, 79, 392, 164, 368, 395, 175, 279, 457, 53, 430, 206, 111, 482, 418, 253, 148, 151, 13, 353, 291, 273, 252, 24, 169, 312, 122, 486, 369, 292, 352, 156, 266, 74, 322, 95, 308, 215, 237, 105, 254, 479, 207, 50, 198, 318, 406, 306, 316, 422, 458, 124, 244, 234, 150, 321, 375, 1, 72, 247, 380, 298, 19, 387, 354, 280, 438, 372, 183, 100, 336, 35, 346, 101, 31, 300, 219, 295, 408, 188, 394, 293, 459, 202, 432, 431, 450, 11, 439, 210, 91, 117, 36, 218, 68, 412, 223, 217, 224, 405, 75, 170, 317, 40, 144, 66, 109, 21, 476, 420, 153, 45, 272, 377, 284, 327, 289, 276, 251, 331, 178, 177, 447, 193, 397, 281, 487, 180, 417, 283, 226, 464, 409, 356, 96, 304, 388, 152, 138, 396, 246, 168, 32, 355, 165, 141, 121, 213, 51, 429, 365, 147, 98, 243, 3, 76, 222, 311, 200, 102, 379, 61, 199, 189, 299, 413, 60, 221, 70, 328, 398, 495, 149, 481, 383, 48, 400, 140, 103, 453, 442, 182, 83, 114, 203, 225, 391, 274, 403, 143, 341, 384, 230, 477, 173, 145, 288, 362, 320, 423, 104, 39, 8, 330, 154, 27, 241, 275, 307, 496, 277, 469, 329, 340, 235, 478, 195, 305, 162, 64, 264, 92, 248, 211, 112, 270, 239, 231, 33, 296, 389, 466, 425, 490, 62, 493, 99, 110, 160, 89, 63, 332, 7, 240]
First solution value:
34086
Execution: 2 Seed: 2
Final solution and makespan:
[203, 38, 197, 151, 0, 279, 39, 292, 298, 404, 16, 353, 315, 273, 221, 498, 446, 88, 55, 403, 437, 314, 445, 411, 100, 232, 245, 63, 116, 123, 361, 251, 228, 348, 215, 200, 407, 398, 312, 435, 211, 384, 484, 357, 82, 393, 486, 401, 64, 482, 121, 351, 413, 146, 475, 191, 217, 208, 294, 370, 495, 7, 268, 156, 421, 386, 223, 29, 182, 242, 95, 80, 497, 447, 138, 483, 304, 207, 239, 496, 374, 50, 316, 128, 344, 162, 464, 17, 290, 449, 400, 172, 340, 33, 174, 368, 147, 291, 327, 153, 179, 451, 176, 390, 337, 494, 133, 405, 196, 363, 359, 135, 247, 369, 12, 410, 481, 432, 2, 444, 144, 109, 76, 238, 241, 277, 441, 93, 262, 462, 440, 6, 9, 371, 470, 152, 332, 14, 68, 395, 141, 286, 53, 358, 183, 40, 103, 485, 333, 331, 84, 231, 181, 118, 490, 86, 261, 269, 30, 4, 185, 250, 274, 236, 474, 140, 106, 62, 58, 287, 436, 258, 36, 213, 49, 46, 381, 161, 130, 270, 425, 194, 87, 321, 476, 129, 466, 10, 143, 252, 419, 458, 473, 455, 489, 366, 325, 296, 492, 309, 364, 235, 459, 188, 201, 266, 385, 373, 74, 25, 328, 171, 468, 125, 167, 73, 19, 154, 157, 362, 240, 113, 5, 256, 43, 480, 142, 148, 281, 214, 341, 131, 334, 96, 487, 345, 18, 460, 90, 149, 375, 66, 150, 429, 192, 491, 91, 199, 226, 107, 355, 313, 336, 416, 320, 349, 71, 83, 186, 443, 295, 383, 233, 264, 85, 284, 24, 136, 330, 205, 99, 230, 431, 126, 499, 124, 60, 391, 48, 457, 402, 478, 343, 224, 317, 44, 442, 26, 169, 189, 209, 324, 394, 318, 387, 354, 117, 259, 20, 319, 414, 434, 285, 75, 338, 8, 237, 297, 111, 21, 461, 65, 178, 56, 249, 246, 422, 423, 210, 448, 47, 193, 299, 97, 426, 303, 471, 70, 420, 158, 382, 220, 28, 372, 479, 160, 31, 45, 243, 13, 452, 22, 170, 408, 168, 454, 300, 271, 104, 265, 409, 293, 465, 350, 190, 406, 396, 301, 282, 477, 139, 165, 119, 61, 41, 342, 222, 54, 163, 456, 37, 439, 433, 218, 102, 248, 42, 263, 206, 229, 329, 306, 335, 212, 177, 308, 360, 254, 57, 101, 376, 164, 488, 365, 78, 134, 283, 94, 302, 137, 427, 275, 51, 399, 187, 305, 493, 92, 166, 23, 347, 77, 79, 145, 424, 120, 267, 428, 35, 311, 112, 453, 310, 114, 11, 98, 450, 467, 225, 216, 276, 180, 322, 1, 27, 392, 115, 377, 202, 397, 244, 52, 175, 379, 255, 32, 159, 204, 127, 288, 289, 378, 89, 278, 272, 469, 339, 356, 326, 69, 105, 195, 472, 430, 412, 234, 198, 227, 110, 67, 132, 367, 108, 81, 184, 173, 257, 346, 389, 463, 253, 59, 380, 388, 415, 418, 34, 417, 352, 219, 122, 307, 260, 155, 323, 3, 280, 15, 72, 438]
32655
Execution time: 854.9454989433289

First solution:
[121, 303, 278, 66, 189, 468, 309, 242, 320, 297, 33, 310, 6, 465, 428, 240, 132, 282, 119, 98, 367, 484, 276, 485, 281, 243, 203, 327, 440, 77, 118, 325, 470, 444, 267, 199, 379, 7, 343, 397, 32, 81, 388, 302, 21, 154, 399, 15, 421, 443, 137, 492, 304, 368, 198, 365, 403, 218, 202, 372, 410, 295, 227, 68, 187, 49, 18, 69, 253, 111, 483, 344, 223, 398, 491, 454, 215, 259, 197, 293, 179, 273, 299, 208, 417, 469, 172, 349, 14, 143, 488, 461, 356, 83, 357, 167, 277, 292, 291, 53, 466, 335, 108, 324, 420, 136, 145, 63, 459, 246, 472, 247, 45, 176, 34, 210, 467, 10, 150, 442, 212, 60, 22, 493, 314, 23, 193, 479, 300, 169, 482, 142, 258, 120, 433, 158, 3, 39, 55, 307, 274, 16, 101, 416, 149, 312, 134, 79, 455, 173, 160, 184, 70, 373, 192, 235, 266, 451, 329, 447, 286, 52, 317, 422, 138, 220, 396, 499, 424, 427, 429, 408, 155, 280, 350, 5, 463, 296, 161, 382, 345, 315, 301, 436, 30, 170, 238, 180, 354, 446, 250, 11, 337, 31, 425, 495, 128, 233, 152, 163, 90, 186, 94, 412, 340, 135, 153, 346, 400, 13, 67, 364, 256, 113, 449, 122, 404, 95, 222, 434, 338, 164, 375, 114, 224, 86, 40, 413, 430, 230, 426, 115, 61, 17, 97, 321, 93, 409, 174, 43, 386, 496, 423, 355, 269, 414, 88, 162, 106, 74, 107, 393, 104, 9, 476, 105, 362, 51, 1, 284, 213, 225, 159, 130, 271, 439, 183, 56, 8, 190, 116, 214, 319, 370, 191, 341, 73, 139, 87, 58, 328, 381, 330, 318, 207, 62, 308, 231, 205, 177, 131, 50, 110, 147, 12, 363, 123, 270, 216, 260, 498, 76, 486, 226, 333, 353, 285, 244, 290, 156, 29, 221, 391, 64, 255, 478, 452, 415, 232, 407, 306, 394, 201, 200, 342, 347, 435, 241, 124, 322, 146, 102, 211, 432, 392, 316, 288, 194, 133, 460, 313, 332, 82, 0, 411, 494, 239, 419, 283, 219, 473, 323, 377, 209, 464, 125, 80, 418, 234, 453, 89, 480, 99, 383, 92, 289, 48, 84, 109, 360, 331, 441, 265, 405, 305, 72, 206, 195, 47, 334, 178, 406, 100, 166, 264, 458, 168, 348, 352, 361, 487, 371, 141, 165, 127, 475, 262, 401, 431, 339, 366, 2, 236, 27, 497, 385, 126, 75, 390, 54, 28, 182, 358, 204, 41, 450, 71, 489, 456, 59, 477, 252, 268, 237, 103, 171, 369, 445, 248, 378, 140, 384, 326, 112, 395, 151, 481, 65, 279, 272, 351, 117, 263, 462, 261, 57, 181, 336, 217, 44, 229, 37, 19, 471, 185, 36, 129, 157, 245, 196, 35, 294, 474, 359, 251, 20, 228, 4, 85, 46, 490, 402, 389, 275, 287, 24, 298, 148, 42, 26, 374, 249, 380, 376, 387, 38, 25, 311, 96, 437, 78, 188, 457, 257, 448, 438, 91, 254, 144, 175]
First solution value:
33655
Execution: 3 Seed: 3
Final solution and makespan:
[145, 130, 449, 132, 248, 262, 462, 425, 245, 484, 51, 456, 82, 4, 73, 280, 266, 273, 323, 79, 30, 335, 6, 267, 194, 291, 427, 436, 377, 300, 251, 90, 404, 159, 475, 292, 49, 76, 38, 463, 240, 299, 373, 296, 422, 129, 434, 156, 97, 495, 96, 264, 172, 467, 7, 398, 480, 432, 218, 439, 233, 304, 75, 137, 57, 319, 314, 313, 457, 142, 486, 11, 65, 438, 412, 372, 133, 182, 361, 478, 424, 92, 312, 122, 261, 241, 343, 442, 163, 454, 179, 113, 490, 61, 453, 95, 169, 249, 46, 183, 421, 259, 178, 205, 224, 430, 336, 293, 428, 8, 100, 42, 19, 243, 354, 358, 102, 488, 270, 487, 232, 86, 155, 388, 176, 43, 144, 9, 479, 317, 136, 22, 417, 195, 171, 482, 35, 175, 325, 143, 359, 67, 407, 366, 268, 309, 150, 107, 83, 66, 146, 255, 470, 88, 338, 23, 318, 138, 389, 302, 403, 416, 498, 112, 400, 355, 252, 14, 473, 211, 17, 263, 327, 298, 101, 72, 451, 10, 459, 287, 384, 297, 226, 281, 20, 207, 84, 177, 41, 271, 39, 466, 405, 60, 94, 246, 376, 390, 242, 410, 349, 64, 244, 393, 282, 364, 193, 321, 13, 215, 114, 174, 134, 247, 256, 188, 197, 36, 250, 444, 44, 184, 103, 391, 21, 187, 91, 216, 50, 307, 420, 347, 367, 365, 26, 180, 275, 356, 464, 396, 126, 269, 217, 117, 357, 121, 227, 166, 135, 158, 476, 108, 210, 494, 294, 374, 483, 93, 212, 382, 253, 360, 221, 98, 455, 34, 440, 386, 352, 399, 53, 341, 414, 493, 371, 447, 334, 409, 40, 363, 85, 32, 337, 127, 52, 68, 222, 461, 308, 497, 322, 45, 81, 324, 235, 170, 147, 452, 429, 274, 231, 55, 1, 119, 206, 236, 213, 204, 333, 303, 346, 433, 29, 196, 431, 326, 228, 185, 413, 186, 258, 496, 3, 199, 491, 445, 190, 115, 499, 151, 426, 331, 192, 492, 214, 116, 12, 104, 368, 351, 402, 2, 301, 437, 77, 237, 344, 5, 387, 209, 56, 31, 125, 154, 162, 472, 173, 15, 276, 279, 59, 468, 238, 328, 342, 395, 0, 48, 345, 406, 109, 305, 315, 458, 71, 401, 149, 198, 208, 489, 310, 191, 37, 474, 140, 139, 311, 33, 200, 450, 131, 124, 254, 348, 181, 99, 123, 152, 332, 378, 411, 265, 380, 105, 25, 381, 329, 283, 383, 419, 375, 277, 471, 477, 469, 157, 153, 485, 284, 234, 385, 106, 161, 24, 219, 118, 18, 397, 316, 220, 350, 330, 54, 288, 148, 141, 87, 392, 379, 201, 423, 289, 443, 460, 239, 260, 202, 203, 320, 278, 295, 69, 285, 63, 78, 446, 272, 120, 286, 80, 62, 415, 89, 362, 257, 160, 111, 306, 435, 189, 465, 229, 27, 225, 110, 339, 47, 16, 165, 74, 418, 58, 128, 168, 448, 353, 28, 441, 370, 164, 340, 369, 230, 481, 167, 290, 70, 223, 394, 408]
32643
Execution time: 637.9238684177399

First solution:
[120, 155, 52, 369, 202, 245, 79, 46, 34, 10, 205, 281, 469, 148, 409, 391, 30, 113, 266, 274, 184, 141, 399, 88, 423, 54, 134, 109, 13, 424, 328, 413, 133, 485, 139, 99, 84, 158, 486, 321, 444, 374, 437, 434, 450, 190, 44, 432, 310, 172, 343, 198, 259, 127, 91, 126, 242, 143, 45, 418, 280, 430, 153, 3, 149, 293, 360, 159, 484, 260, 464, 211, 216, 306, 147, 220, 231, 82, 119, 156, 132, 416, 408, 22, 41, 23, 236, 320, 442, 265, 273, 331, 241, 358, 175, 74, 344, 100, 491, 428, 103, 325, 323, 225, 478, 94, 182, 223, 382, 301, 164, 324, 285, 101, 165, 51, 31, 362, 117, 142, 298, 315, 121, 62, 169, 90, 461, 235, 471, 21, 393, 357, 42, 146, 345, 167, 9, 385, 425, 389, 78, 333, 210, 317, 348, 39, 150, 316, 98, 227, 435, 69, 128, 195, 426, 81, 375, 456, 4, 186, 440, 232, 86, 340, 185, 373, 292, 49, 224, 106, 217, 330, 58, 483, 383, 28, 337, 304, 76, 451, 20, 279, 251, 379, 446, 433, 18, 376, 270, 349, 209, 102, 244, 477, 123, 417, 368, 356, 313, 112, 215, 350, 378, 219, 110, 255, 96, 16, 390, 130, 129, 124, 269, 487, 118, 213, 467, 72, 166, 26, 161, 59, 206, 319, 253, 448, 47, 470, 107, 463, 455, 151, 407, 318, 299, 295, 137, 173, 200, 254, 38, 411, 97, 339, 495, 230, 462, 32, 196, 247, 68, 170, 296, 15, 222, 367, 176, 162, 387, 145, 499, 191, 365, 429, 55, 204, 0, 474, 40, 436, 420, 322, 65, 29, 386, 207, 197, 261, 257, 56, 140, 371, 384, 415, 171, 498, 311, 309, 258, 480, 494, 239, 473, 300, 6, 276, 8, 178, 152, 388, 125, 400, 352, 214, 35, 490, 92, 234, 283, 2, 460, 476, 19, 370, 465, 116, 221, 497, 493, 468, 278, 288, 308, 24, 187, 226, 275, 93, 131, 111, 286, 482, 17, 160, 50, 163, 77, 122, 108, 326, 380, 307, 95, 427, 441, 447, 83, 459, 397, 66, 138, 1, 43, 334, 181, 488, 335, 212, 294, 305, 228, 405, 238, 312, 105, 75, 445, 327, 492, 233, 218, 80, 421, 402, 479, 282, 354, 297, 248, 64, 201, 272, 359, 240, 267, 431, 291, 252, 351, 189, 410, 284, 361, 364, 372, 194, 314, 168, 268, 199, 256, 36, 466, 25, 73, 453, 396, 443, 11, 363, 329, 422, 180, 262, 457, 183, 229, 87, 154, 454, 237, 347, 67, 263, 302, 12, 192, 414, 63, 458, 14, 188, 61, 452, 403, 89, 144, 57, 398, 303, 355, 412, 395, 179, 481, 157, 401, 475, 33, 353, 342, 277, 332, 338, 177, 114, 439, 37, 290, 406, 264, 53, 174, 346, 136, 135, 243, 366, 70, 496, 381, 115, 472, 250, 419, 193, 287, 203, 246, 7, 336, 377, 341, 27, 60, 449, 392, 85, 289, 489, 208, 249, 394, 404, 71, 48, 5, 104, 271, 438]
First solution value:
33315
Execution: 4 Seed: 4