First solution:
[432, 197, 388, 455, 215, 20, 132, 261, 248, 207, 470, 401, 424, 155, 244, 183, 298, 456, 464, 111, 258, 71, 144, 478, 386, 48, 316, 409, 128, 465, 272, 361, 414, 308, 461, 75, 158, 50, 373, 37, 435, 350, 169, 241, 286, 51, 181, 222, 161, 312, 327, 104, 282, 485, 226, 443, 266, 133, 31, 412, 280, 7, 47, 368, 430, 204, 363, 422, 488, 342, 320, 0, 313, 252, 423, 170, 124, 489, 166, 360, 32, 97, 290, 113, 122, 411, 72, 467, 278, 229, 46, 41, 163, 260, 250, 55, 154, 447, 149, 468, 63, 439, 487, 276, 448, 466, 398, 300, 147, 227, 472, 305, 498, 162, 294, 123, 148, 94, 96, 95, 16, 427, 336, 442, 243, 35, 45, 347, 66, 76, 19, 408, 358, 396, 349, 200, 400, 268, 141, 267, 120, 110, 372, 301, 214, 296, 140, 230, 426, 338, 328, 182, 42, 421, 378, 59, 249, 392, 322, 171, 418, 425, 8, 138, 344, 112, 190, 87, 397, 218, 441, 454, 74, 334, 23, 293, 273, 394, 460, 13, 399, 381, 310, 385, 61, 364, 389, 189, 335, 18, 11, 99, 382, 319, 245, 107, 329, 309, 440, 217, 365, 376, 374, 416, 36, 403, 179, 223, 92, 303, 257, 239, 494, 299, 314, 102, 483, 484, 240, 86, 395, 29, 81, 82, 175, 271, 471, 60, 445, 89, 6, 482, 209, 406, 159, 348, 198, 323, 78, 269, 234, 40, 340, 325, 143, 34, 315, 195, 446, 384, 90, 156, 73, 172, 91, 151, 242, 228, 475, 330, 463, 33, 402, 79, 341, 191, 106, 212, 346, 287, 428, 152, 49, 178, 85, 479, 253, 57, 407, 114, 318, 453, 246, 145, 233, 337, 284, 324, 216, 304, 387, 457, 281, 302, 357, 220, 379, 371, 232, 224, 434, 135, 458, 255, 473, 193, 410, 9, 126, 83, 236, 119, 12, 495, 474, 353, 362, 21, 238, 3, 213, 173, 186, 80, 194, 54, 180, 275, 263, 491, 25, 185, 30, 486, 462, 77, 476, 345, 208, 121, 101, 352, 5, 70, 115, 356, 65, 254, 283, 88, 351, 39, 221, 4, 10, 211, 52, 202, 176, 93, 477, 259, 117, 480, 380, 499, 53, 219, 449, 2, 297, 38, 69, 205, 43, 265, 437, 497, 206, 125, 235, 450, 146, 157, 375, 288, 369, 131, 321, 237, 165, 331, 203, 136, 14, 292, 184, 167, 444, 383, 22, 142, 103, 192, 262, 496, 377, 289, 251, 429, 187, 391, 279, 469, 359, 225, 15, 332, 105, 306, 174, 137, 291, 339, 354, 264, 413, 168, 160, 355, 139, 451, 28, 438, 390, 1, 270, 68, 129, 490, 317, 67, 417, 109, 177, 134, 84, 343, 27, 116, 256, 277, 210, 404, 127, 307, 433, 188, 98, 492, 64, 393, 58, 415, 436, 452, 62, 405, 196, 199, 100, 164, 420, 481, 285, 274, 44, 247, 295, 150, 17, 367, 24, 333, 311, 493, 153, 118, 326, 231, 108, 366, 56, 201, 26, 370, 431, 130, 459, 419]
First solution value:
33981
Execution: 0 Seed: 0
Final solution and makespan:
[28, 286, 256, 170, 174, 475, 186, 281, 56, 65, 490, 33, 42, 234, 282, 157, 357, 474, 418, 313, 31, 158, 442, 156, 93, 441, 455, 67, 254, 53, 117, 131, 294, 240, 348, 47, 368, 461, 472, 160, 249, 273, 187, 218, 301, 133, 493, 375, 262, 1, 173, 367, 336, 231, 310, 347, 488, 257, 99, 60, 82, 189, 379, 424, 152, 326, 333, 115, 314, 322, 86, 229, 428, 466, 5, 454, 380, 296, 492, 378, 263, 51, 140, 20, 452, 6, 444, 404, 145, 94, 191, 54, 211, 2, 330, 480, 147, 423, 355, 447, 11, 121, 227, 196, 430, 302, 139, 232, 324, 386, 449, 422, 197, 77, 95, 468, 149, 284, 138, 230, 150, 226, 222, 421, 317, 32, 49, 359, 346, 270, 477, 483, 320, 292, 307, 0, 120, 489, 104, 436, 242, 465, 21, 373, 62, 136, 169, 360, 41, 266, 201, 291, 245, 495, 84, 190, 112, 366, 57, 476, 96, 73, 165, 351, 358, 308, 63, 64, 107, 162, 478, 177, 265, 338, 68, 434, 369, 85, 38, 450, 129, 318, 343, 116, 167, 16, 7, 457, 259, 460, 419, 3, 146, 14, 425, 328, 30, 431, 213, 66, 448, 46, 58, 163, 159, 61, 394, 376, 377, 83, 389, 349, 238, 309, 470, 340, 195, 87, 332, 220, 251, 207, 391, 393, 370, 39, 258, 413, 323, 176, 293, 409, 225, 4, 414, 275, 400, 329, 45, 164, 72, 362, 264, 481, 52, 387, 113, 410, 499, 298, 486, 405, 17, 246, 342, 487, 438, 300, 135, 126, 171, 168, 278, 34, 185, 341, 50, 279, 383, 331, 18, 221, 81, 319, 109, 253, 40, 305, 55, 223, 382, 155, 283, 181, 206, 316, 141, 22, 471, 429, 276, 453, 35, 132, 184, 496, 108, 75, 395, 440, 103, 439, 70, 479, 205, 130, 446, 202, 289, 127, 89, 217, 179, 134, 271, 192, 148, 9, 274, 406, 462, 411, 90, 175, 250, 354, 12, 344, 356, 79, 25, 188, 353, 210, 426, 398, 200, 27, 337, 237, 98, 59, 29, 445, 385, 243, 88, 180, 408, 287, 403, 345, 236, 464, 71, 105, 239, 219, 285, 467, 435, 78, 153, 212, 399, 101, 491, 261, 388, 412, 74, 166, 303, 469, 339, 124, 224, 26, 352, 415, 15, 402, 23, 123, 92, 306, 458, 443, 295, 290, 350, 106, 269, 312, 372, 76, 482, 437, 397, 321, 484, 498, 43, 417, 154, 432, 427, 459, 451, 374, 363, 420, 36, 151, 304, 280, 260, 315, 392, 384, 110, 198, 97, 215, 297, 199, 244, 118, 209, 161, 204, 203, 125, 255, 497, 268, 473, 142, 272, 381, 183, 24, 247, 311, 327, 182, 390, 137, 114, 13, 494, 277, 91, 214, 299, 365, 241, 325, 463, 485, 252, 193, 178, 100, 111, 335, 172, 371, 37, 19, 208, 233, 10, 69, 80, 144, 194, 456, 288, 267, 334, 44, 228, 401, 143, 396, 48, 361, 364, 128, 122, 248, 416, 433, 8, 216, 119, 235, 407, 102]
32568
Execution time: 421.33661222457886


Mean makespan: 3256.8