First solution:
[394, 430, 41, 265, 523, 497, 414, 310, 488, 366, 223, 516, 142, 288, 143, 97, 256, 545, 150, 317, 101, 75, 338, 483, 573, 103, 362, 444, 323, 209, 565, 591, 453, 533, 266, 63, 561, 14, 95, 408, 1, 505, 341, 249, 333, 64, 195, 227, 244, 145, 458, 93, 82, 327, 520, 501, 111, 308, 298, 127, 340, 208, 294, 455, 548, 599, 324, 247, 297, 188, 193, 191, 33, 569, 487, 70, 91, 133, 153, 39, 547, 400, 282, 241, 220, 429, 281, 461, 504, 577, 328, 358, 469, 503, 406, 182, 42, 166, 313, 59, 556, 300, 322, 171, 432, 584, 124, 8, 374, 138, 500, 361, 112, 190, 558, 87, 170, 218, 417, 31, 51, 518, 74, 437, 357, 525, 23, 418, 293, 566, 465, 273, 542, 348, 37, 13, 564, 325, 96, 592, 425, 537, 61, 200, 46, 189, 426, 489, 18, 460, 11, 99, 94, 367, 463, 245, 107, 372, 409, 480, 347, 449, 278, 217, 580, 479, 427, 522, 35, 113, 36, 331, 154, 179, 589, 92, 440, 257, 239, 20, 305, 434, 508, 456, 102, 495, 183, 491, 240, 291, 86, 475, 344, 104, 392, 29, 403, 346, 81, 519, 175, 271, 128, 60, 419, 226, 539, 89, 6, 588, 466, 570, 410, 260, 159, 332, 511, 198, 336, 397, 78, 287, 353, 391, 234, 40, 496, 473, 476, 585, 69, 122, 246, 180, 312, 147, 407, 413, 302, 470, 435, 67, 158, 382, 212, 555, 597, 0, 304, 98, 373, 401, 368, 114, 326, 229, 529, 290, 355, 16, 205, 342, 214, 442, 84, 228, 32, 132, 80, 334, 270, 499, 378, 309, 352, 19, 253, 502, 385, 421, 25, 557, 512, 280, 506, 66, 7, 339, 213, 161, 559, 109, 544, 345, 329, 50, 494, 396, 579, 433, 370, 535, 472, 243, 203, 377, 438, 140, 231, 452, 131, 68, 526, 177, 58, 79, 587, 9, 21, 420, 105, 384, 450, 187, 513, 571, 375, 222, 486, 595, 106, 192, 149, 4, 524, 77, 490, 576, 172, 530, 47, 173, 451, 275, 263, 549, 38, 251, 267, 477, 424, 301, 292, 527, 578, 404, 439, 276, 457, 320, 12, 379, 45, 219, 593, 186, 422, 264, 574, 311, 335, 76, 269, 27, 319, 299, 123, 121, 441, 215, 204, 207, 484, 423, 296, 551, 567, 540, 467, 517, 232, 85, 386, 399, 582, 315, 160, 144, 359, 163, 22, 393, 583, 351, 528, 56, 15, 350, 2, 225, 100, 283, 371, 250, 402, 125, 252, 383, 258, 55, 108, 197, 447, 194, 314, 575, 236, 110, 49, 395, 337, 356, 307, 134, 115, 531, 30, 318, 248, 65, 53, 10, 590, 507, 26, 196, 117, 201, 509, 139, 274, 155, 493, 156, 202, 387, 230, 235, 126, 478, 162, 581, 164, 176, 553, 436, 389, 532, 210, 146, 295, 365, 303, 468, 130, 262, 90, 550, 568, 492, 415, 560, 206, 543, 5, 120, 28, 168, 165, 174, 306, 255, 57, 181, 316, 119, 360, 83, 285, 259, 554, 48, 481, 448, 546, 73, 471, 221, 521, 330, 289, 54, 148, 184, 586, 459, 321, 390, 349, 388, 572, 169, 135, 462, 381, 261, 152, 72, 354, 552, 185, 445, 446, 141, 52, 482, 286, 3, 118, 254, 510, 369, 343, 233, 536, 485, 178, 62, 428, 416, 594, 405, 216, 364, 237, 116, 43, 268, 199, 538, 137, 238, 24, 157, 129, 376, 498, 596, 211, 454, 515, 514, 563, 279, 242, 431, 272, 17, 412, 541, 34, 411, 443, 151, 224, 71, 88, 167, 562, 398, 44, 284, 534, 598, 277, 474, 380, 136, 363, 464]
First solution value:
36187
Execution: 0 Seed: 0
Final solution and makespan:
[5, 500, 145, 73, 76, 147, 54, 455, 428, 252, 481, 171, 101, 63, 513, 256, 212, 154, 152, 84, 255, 40, 496, 565, 410, 132, 172, 584, 331, 202, 42, 162, 192, 157, 161, 243, 359, 246, 151, 504, 122, 291, 484, 44, 128, 300, 516, 469, 215, 598, 447, 18, 35, 572, 351, 65, 69, 96, 368, 343, 170, 433, 344, 497, 129, 514, 385, 542, 569, 283, 308, 232, 124, 194, 503, 19, 546, 411, 442, 364, 303, 559, 434, 462, 536, 549, 557, 310, 253, 403, 59, 64, 50, 354, 380, 46, 142, 449, 91, 51, 539, 499, 315, 139, 74, 78, 204, 153, 203, 208, 279, 263, 360, 309, 190, 524, 407, 512, 404, 272, 532, 548, 119, 285, 582, 533, 393, 211, 236, 193, 227, 509, 417, 280, 286, 556, 159, 363, 377, 540, 346, 290, 275, 522, 511, 109, 149, 467, 446, 36, 335, 387, 479, 165, 87, 137, 110, 538, 365, 197, 468, 98, 239, 550, 166, 273, 230, 530, 68, 486, 134, 228, 86, 338, 60, 206, 560, 439, 244, 581, 544, 392, 347, 472, 117, 423, 182, 454, 453, 53, 24, 278, 297, 367, 38, 394, 326, 179, 130, 552, 111, 10, 578, 226, 58, 415, 15, 466, 384, 16, 587, 150, 120, 459, 158, 527, 191, 277, 594, 1, 247, 389, 79, 250, 102, 438, 429, 464, 477, 395, 350, 508, 121, 183, 386, 201, 432, 445, 593, 501, 143, 173, 553, 502, 579, 529, 94, 345, 541, 430, 174, 177, 266, 324, 7, 213, 37, 425, 271, 518, 92, 32, 251, 378, 406, 381, 199, 408, 379, 485, 391, 189, 337, 257, 57, 105, 419, 4, 564, 577, 358, 241, 188, 186, 482, 196, 460, 371, 390, 30, 409, 238, 39, 289, 43, 234, 200, 325, 34, 373, 281, 450, 568, 66, 83, 47, 519, 443, 103, 456, 127, 52, 112, 526, 534, 262, 517, 555, 282, 0, 125, 589, 487, 261, 25, 292, 245, 14, 23, 329, 187, 93, 463, 547, 89, 498, 311, 452, 558, 131, 348, 8, 599, 248, 414, 146, 6, 488, 461, 27, 175, 475, 116, 506, 451, 483, 574, 235, 299, 327, 118, 41, 209, 155, 85, 320, 90, 298, 61, 551, 269, 62, 370, 401, 26, 284, 448, 402, 13, 400, 361, 164, 597, 67, 588, 478, 305, 225, 249, 376, 396, 106, 465, 421, 33, 372, 224, 304, 260, 323, 258, 531, 276, 596, 295, 416, 573, 100, 505, 537, 95, 205, 545, 136, 148, 21, 340, 369, 341, 264, 441, 426, 523, 123, 29, 352, 70, 104, 9, 48, 113, 20, 575, 336, 178, 388, 77, 515, 167, 353, 160, 586, 316, 398, 195, 240, 375, 520, 470, 274, 233, 312, 427, 563, 412, 133, 490, 413, 566, 140, 333, 221, 210, 301, 198, 535, 355, 595, 288, 216, 418, 440, 399, 362, 510, 88, 357, 220, 108, 321, 22, 480, 268, 267, 489, 72, 576, 590, 223, 458, 56, 28, 507, 471, 435, 334, 521, 168, 322, 156, 176, 342, 528, 330, 319, 356, 107, 3, 307, 314, 437, 420, 592, 45, 431, 444, 554, 287, 2, 254, 580, 97, 422, 169, 214, 382, 265, 138, 571, 237, 144, 81, 80, 49, 583, 17, 231, 229, 259, 219, 495, 218, 55, 185, 11, 99, 585, 383, 494, 135, 296, 31, 184, 405, 126, 207, 366, 294, 270, 436, 543, 473, 397, 349, 115, 318, 222, 374, 12, 306, 570, 525, 163, 114, 71, 313, 492, 476, 293, 180, 493, 181, 317, 82, 242, 562, 75, 141, 332, 491, 302, 474, 328, 591, 457, 217, 339, 561, 424, 567]
34895
Execution time: 491.14613366127014

First solution:
[137, 582, 64, 261, 120, 507, 460, 483, 388, 214, 96, 499, 29, 399, 443, 2, 456, 272, 234, 104, 325, 31, 22, 26, 554, 9, 390, 221, 432, 587, 540, 227, 448, 594, 238, 353, 236, 224, 470, 296, 577, 426, 102, 190, 303, 123, 340, 512, 571, 519, 194, 310, 290, 511, 517, 402, 35, 491, 248, 413, 424, 177, 375, 383, 88, 449, 520, 110, 167, 544, 379, 501, 30, 480, 44, 315, 403, 174, 172, 514, 232, 12, 204, 237, 414, 352, 361, 561, 275, 337, 280, 311, 490, 373, 584, 196, 401, 438, 420, 488, 453, 526, 529, 262, 515, 66, 265, 398, 287, 105, 218, 486, 28, 246, 445, 186, 291, 283, 557, 258, 211, 541, 416, 182, 212, 538, 0, 546, 276, 319, 530, 313, 169, 581, 307, 14, 411, 117, 579, 90, 281, 299, 92, 440, 46, 408, 282, 454, 435, 418, 130, 16, 430, 344, 36, 42, 8, 231, 7, 386, 583, 143, 127, 599, 56, 452, 552, 94, 176, 148, 543, 85, 81, 534, 270, 86, 336, 139, 331, 364, 150, 550, 359, 164, 254, 242, 58, 518, 159, 197, 175, 215, 407, 589, 132, 55, 129, 506, 596, 107, 548, 572, 10, 115, 574, 203, 74, 18, 368, 82, 228, 360, 259, 347, 489, 278, 112, 322, 355, 264, 230, 114, 268, 332, 15, 202, 345, 294, 477, 510, 323, 385, 527, 152, 597, 108, 24, 156, 485, 39, 158, 366, 427, 213, 289, 523, 494, 4, 542, 19, 302, 111, 592, 235, 87, 318, 260, 350, 193, 481, 474, 50, 566, 293, 492, 349, 99, 252, 53, 199, 151, 498, 255, 585, 166, 468, 205, 144, 395, 80, 553, 531, 288, 69, 173, 219, 109, 136, 49, 549, 509, 431, 273, 478, 598, 595, 33, 20, 43, 68, 539, 428, 472, 324, 436, 170, 387, 558, 188, 524, 522, 569, 149, 304, 250, 316, 588, 421, 371, 334, 208, 37, 586, 75, 365, 381, 317, 341, 591, 378, 41, 312, 484, 329, 465, 466, 141, 404, 23, 266, 6, 441, 455, 479, 493, 256, 226, 374, 397, 48, 61, 201, 419, 400, 269, 570, 396, 444, 274, 249, 40, 556, 216, 576, 348, 233, 406, 206, 138, 209, 471, 140, 297, 476, 122, 320, 25, 482, 461, 357, 251, 423, 505, 306, 229, 185, 358, 220, 243, 100, 562, 433, 567, 207, 475, 153, 116, 487, 568, 496, 417, 442, 308, 286, 467, 91, 564, 257, 198, 222, 78, 338, 63, 457, 309, 71, 559, 425, 503, 335, 147, 459, 458, 327, 333, 189, 314, 83, 47, 369, 447, 77, 62, 298, 223, 422, 362, 195, 356, 181, 446, 451, 5, 463, 279, 392, 300, 263, 154, 342, 157, 217, 393, 277, 126, 504, 271, 165, 128, 521, 247, 292, 525, 45, 38, 513, 372, 241, 27, 434, 32, 52, 134, 284, 394, 267, 533, 409, 239, 370, 415, 79, 155, 339, 70, 500, 95, 535, 563, 183, 135, 200, 545, 590, 391, 146, 180, 578, 354, 225, 326, 469, 57, 528, 119, 101, 145, 330, 253, 410, 1, 439, 301, 21, 555, 163, 3, 573, 565, 73, 162, 328, 377, 179, 17, 450, 191, 103, 429, 536, 51, 532, 11, 244, 84, 473, 580, 72, 106, 551, 97, 245, 376, 98, 121, 192, 464, 537, 240, 462, 124, 367, 133, 168, 346, 125, 184, 502, 593, 497, 171, 389, 575, 60, 160, 547, 437, 13, 178, 321, 187, 285, 131, 380, 67, 351, 305, 508, 495, 113, 118, 560, 76, 412, 363, 93, 384, 382, 343, 59, 516, 405, 54, 161, 210, 295, 142, 65, 34, 89]
First solution value:
36299
Execution: 1 Seed: 1
Final solution and makespan:
[536, 143, 365, 92, 503, 29, 225, 191, 402, 532, 208, 355, 298, 114, 318, 484, 268, 238, 196, 107, 428, 523, 84, 378, 115, 455, 367, 63, 330, 245, 563, 17, 283, 141, 535, 557, 301, 215, 281, 47, 414, 417, 485, 423, 256, 371, 322, 291, 167, 396, 247, 458, 41, 565, 314, 357, 20, 387, 254, 592, 307, 183, 304, 50, 203, 339, 75, 529, 6, 263, 42, 436, 320, 184, 192, 228, 497, 478, 390, 219, 120, 418, 338, 590, 392, 40, 239, 139, 113, 12, 200, 454, 3, 411, 448, 433, 452, 466, 213, 313, 487, 152, 447, 267, 79, 278, 376, 382, 133, 399, 54, 168, 102, 266, 349, 56, 461, 197, 379, 593, 67, 334, 498, 356, 255, 286, 321, 198, 432, 361, 346, 584, 212, 290, 121, 112, 257, 588, 482, 91, 302, 506, 214, 524, 125, 591, 175, 73, 231, 553, 7, 381, 475, 446, 138, 544, 368, 567, 525, 0, 185, 205, 430, 240, 522, 146, 460, 249, 172, 44, 131, 463, 519, 178, 489, 220, 16, 306, 406, 105, 373, 450, 420, 52, 227, 259, 425, 516, 2, 316, 408, 344, 512, 93, 462, 474, 568, 327, 204, 241, 549, 119, 581, 352, 94, 176, 171, 353, 160, 207, 323, 348, 46, 87, 513, 48, 35, 480, 288, 134, 575, 186, 364, 193, 479, 222, 439, 58, 582, 481, 492, 400, 336, 69, 551, 22, 99, 156, 483, 72, 118, 576, 124, 426, 252, 558, 362, 589, 310, 103, 221, 274, 137, 496, 1, 329, 14, 8, 173, 10, 86, 36, 95, 502, 571, 32, 445, 271, 501, 82, 520, 236, 166, 566, 340, 427, 232, 132, 177, 394, 282, 284, 366, 223, 434, 317, 562, 534, 541, 13, 128, 429, 59, 279, 202, 51, 465, 468, 130, 517, 34, 358, 287, 209, 583, 154, 110, 260, 559, 147, 467, 81, 422, 548, 5, 547, 419, 526, 68, 33, 332, 127, 393, 292, 369, 493, 253, 98, 505, 415, 188, 201, 258, 18, 237, 224, 437, 473, 530, 360, 386, 109, 187, 273, 275, 179, 594, 280, 410, 74, 350, 539, 65, 265, 375, 342, 324, 542, 464, 459, 194, 326, 129, 533, 45, 333, 312, 158, 218, 262, 53, 190, 550, 554, 294, 37, 574, 217, 470, 488, 424, 296, 405, 195, 573, 153, 55, 383, 4, 61, 136, 108, 586, 28, 96, 401, 157, 31, 337, 111, 495, 443, 144, 354, 395, 438, 24, 206, 164, 421, 261, 370, 100, 374, 243, 276, 150, 384, 359, 331, 19, 305, 377, 246, 345, 234, 538, 580, 199, 60, 309, 555, 343, 597, 546, 242, 491, 70, 351, 457, 149, 391, 500, 101, 569, 504, 180, 404, 413, 145, 509, 169, 499, 303, 595, 440, 77, 556, 449, 11, 76, 585, 135, 598, 471, 416, 57, 62, 289, 140, 431, 151, 88, 442, 25, 264, 514, 26, 325, 250, 23, 347, 66, 587, 248, 272, 30, 570, 543, 469, 311, 403, 270, 407, 435, 528, 572, 300, 163, 596, 380, 269, 230, 211, 123, 444, 295, 388, 412, 161, 315, 453, 182, 561, 39, 518, 181, 174, 527, 521, 564, 341, 537, 397, 511, 372, 441, 15, 104, 126, 233, 507, 80, 106, 363, 486, 159, 89, 385, 78, 297, 155, 476, 97, 83, 335, 319, 235, 308, 43, 552, 244, 599, 560, 162, 27, 451, 90, 277, 122, 216, 85, 515, 229, 545, 389, 38, 510, 49, 578, 299, 251, 71, 531, 170, 148, 210, 472, 165, 540, 21, 142, 494, 9, 577, 285, 579, 189, 64, 456, 293, 409, 477, 328, 490, 226, 508, 398, 116, 117]
34833
Execution time: 503.0801725387573

First solution:
[57, 93, 86, 369, 173, 315, 257, 217, 36, 162, 441, 402, 521, 380, 557, 455, 514, 274, 591, 28, 372, 476, 326, 389, 433, 538, 168, 181, 241, 236, 24, 180, 332, 177, 139, 522, 564, 368, 526, 186, 456, 424, 537, 579, 362, 370, 559, 165, 409, 472, 543, 255, 501, 285, 510, 512, 527, 555, 465, 550, 359, 467, 498, 227, 567, 170, 582, 491, 316, 310, 516, 519, 416, 319, 212, 500, 375, 77, 349, 8, 195, 108, 60, 50, 279, 232, 518, 565, 272, 125, 422, 107, 483, 450, 30, 216, 459, 367, 388, 16, 29, 185, 184, 88, 127, 344, 12, 42, 58, 488, 34, 493, 20, 373, 470, 10, 191, 130, 65, 549, 479, 80, 376, 94, 267, 354, 0, 197, 301, 22, 406, 126, 563, 18, 2, 176, 594, 321, 586, 382, 599, 146, 172, 250, 15, 157, 229, 282, 392, 309, 378, 23, 135, 386, 205, 589, 318, 361, 78, 242, 115, 47, 338, 351, 161, 429, 52, 490, 453, 403, 481, 265, 299, 399, 201, 249, 263, 167, 73, 174, 132, 134, 530, 214, 334, 9, 358, 546, 71, 343, 499, 129, 17, 67, 82, 87, 49, 583, 325, 118, 260, 542, 524, 468, 119, 365, 536, 37, 128, 41, 302, 116, 561, 387, 363, 497, 131, 350, 504, 142, 269, 541, 574, 466, 196, 209, 405, 56, 262, 554, 44, 123, 575, 51, 484, 598, 400, 53, 111, 432, 266, 342, 237, 588, 158, 533, 328, 194, 513, 460, 508, 222, 592, 261, 394, 297, 576, 26, 480, 268, 494, 92, 48, 245, 187, 414, 428, 517, 312, 335, 148, 190, 454, 415, 211, 366, 398, 156, 101, 520, 231, 505, 210, 248, 357, 106, 471, 451, 449, 145, 360, 353, 322, 39, 112, 251, 98, 59, 292, 507, 200, 463, 411, 464, 202, 62, 482, 294, 313, 390, 171, 427, 436, 323, 506, 240, 485, 254, 329, 183, 234, 72, 300, 137, 247, 379, 244, 341, 304, 151, 295, 385, 478, 553, 419, 218, 43, 430, 581, 182, 90, 75, 213, 489, 596, 233, 431, 420, 207, 552, 577, 32, 258, 99, 410, 572, 289, 226, 252, 84, 305, 548, 418, 421, 580, 306, 138, 193, 287, 569, 284, 333, 63, 280, 383, 434, 423, 40, 340, 568, 535, 103, 91, 288, 528, 458, 560, 331, 395, 239, 384, 7, 271, 152, 303, 188, 46, 100, 293, 13, 562, 70, 264, 64, 273, 330, 105, 220, 539, 120, 437, 140, 253, 426, 573, 487, 503, 136, 159, 337, 540, 534, 97, 590, 311, 475, 221, 298, 401, 166, 45, 230, 4, 179, 55, 417, 155, 445, 277, 25, 246, 461, 324, 198, 150, 281, 371, 545, 35, 175, 442, 199, 523, 225, 144, 238, 243, 502, 477, 89, 473, 124, 593, 397, 452, 85, 117, 68, 391, 133, 208, 374, 496, 283, 566, 96, 308, 474, 327, 531, 597, 571, 122, 314, 110, 189, 407, 6, 511, 393, 192, 336, 143, 525, 19, 1, 346, 339, 446, 544, 203, 509, 228, 109, 278, 556, 413, 587, 515, 439, 83, 113, 61, 206, 38, 558, 33, 348, 457, 492, 347, 529, 66, 11, 224, 364, 444, 469, 356, 147, 76, 79, 5, 551, 532, 377, 270, 3, 404, 408, 219, 223, 355, 570, 585, 54, 448, 381, 149, 396, 296, 21, 307, 286, 345, 31, 235, 141, 438, 320, 275, 440, 495, 121, 169, 317, 584, 443, 412, 435, 447, 27, 69, 95, 114, 153, 154, 462, 486, 547, 164, 102, 259, 290, 178, 160, 256, 595, 14, 204, 215, 276, 104, 163, 81, 291, 352, 425, 578, 74]
First solution value:
35678
Execution: 2 Seed: 2
Final solution and makespan:
[558, 475, 212, 165, 308, 576, 85, 176, 467, 471, 420, 96, 173, 387, 388, 307, 490, 128, 406, 303, 224, 88, 425, 167, 427, 106, 396, 466, 500, 318, 31, 572, 367, 145, 399, 460, 566, 243, 536, 267, 339, 473, 53, 9, 397, 39, 593, 474, 418, 107, 439, 179, 455, 298, 196, 354, 595, 204, 400, 5, 476, 491, 378, 345, 156, 498, 141, 74, 377, 214, 236, 268, 365, 422, 15, 95, 459, 532, 484, 462, 155, 577, 531, 373, 10, 192, 479, 114, 231, 568, 255, 426, 535, 481, 257, 435, 369, 293, 519, 521, 206, 343, 527, 218, 510, 486, 404, 402, 69, 520, 446, 412, 150, 125, 578, 562, 417, 49, 130, 60, 215, 64, 164, 182, 340, 465, 198, 347, 564, 110, 166, 139, 346, 34, 112, 84, 109, 134, 488, 390, 363, 368, 557, 27, 305, 58, 40, 238, 78, 17, 301, 187, 336, 147, 28, 79, 241, 559, 178, 222, 8, 530, 264, 234, 282, 407, 184, 302, 159, 48, 477, 180, 505, 386, 57, 384, 80, 269, 300, 177, 401, 102, 251, 408, 534, 232, 434, 19, 563, 320, 311, 62, 89, 56, 97, 273, 275, 509, 289, 322, 103, 461, 495, 394, 555, 445, 216, 256, 6, 537, 437, 248, 596, 46, 276, 470, 405, 169, 464, 355, 47, 342, 226, 329, 478, 290, 359, 518, 296, 0, 99, 554, 497, 105, 526, 457, 419, 423, 504, 285, 208, 522, 228, 487, 403, 258, 132, 101, 433, 51, 90, 259, 271, 389, 135, 428, 245, 313, 190, 360, 175, 286, 591, 546, 380, 549, 469, 227, 18, 239, 583, 543, 551, 203, 229, 16, 148, 70, 579, 545, 98, 424, 550, 123, 349, 441, 194, 158, 553, 357, 33, 115, 174, 233, 23, 569, 61, 438, 140, 415, 202, 584, 453, 152, 253, 181, 68, 356, 547, 280, 517, 235, 335, 332, 117, 219, 312, 525, 54, 492, 480, 14, 512, 294, 351, 581, 540, 463, 2, 35, 188, 381, 32, 168, 502, 22, 59, 485, 383, 189, 82, 529, 451, 309, 452, 371, 146, 186, 71, 597, 284, 337, 205, 72, 587, 108, 496, 137, 133, 362, 514, 163, 523, 353, 414, 334, 374, 352, 493, 261, 129, 124, 287, 503, 230, 331, 260, 21, 432, 442, 45, 25, 44, 131, 265, 29, 508, 292, 237, 306, 160, 448, 444, 52, 193, 299, 93, 272, 3, 421, 86, 119, 76, 567, 410, 142, 570, 143, 506, 321, 247, 30, 197, 221, 291, 94, 376, 443, 254, 370, 249, 171, 136, 594, 138, 65, 223, 104, 574, 431, 310, 333, 75, 87, 585, 440, 582, 395, 77, 544, 118, 195, 263, 213, 266, 100, 344, 341, 217, 586, 73, 449, 126, 4, 200, 91, 26, 281, 392, 588, 533, 11, 366, 391, 599, 279, 43, 516, 157, 328, 209, 250, 542, 350, 375, 161, 304, 55, 211, 278, 324, 252, 220, 472, 482, 314, 111, 450, 494, 151, 454, 316, 524, 121, 573, 183, 81, 528, 571, 317, 41, 468, 560, 20, 170, 288, 515, 270, 447, 199, 483, 552, 489, 207, 548, 66, 240, 382, 246, 144, 379, 338, 323, 36, 458, 283, 326, 122, 429, 430, 398, 436, 127, 565, 372, 501, 590, 361, 539, 7, 67, 210, 358, 561, 556, 348, 162, 116, 325, 83, 13, 120, 185, 92, 50, 244, 580, 385, 541, 201, 456, 1, 42, 242, 149, 592, 297, 37, 511, 513, 225, 330, 154, 24, 274, 38, 315, 538, 262, 411, 63, 507, 416, 575, 364, 172, 319, 413, 12, 327, 153, 589, 191, 499, 295, 409, 393, 277, 598, 113]
34907
Execution time: 507.7795145511627

First solution:
[243, 557, 133, 378, 485, 594, 67, 13, 480, 265, 564, 239, 196, 481, 553, 562, 487, 406, 154, 237, 155, 535, 399, 15, 65, 163, 43, 308, 31, 275, 484, 396, 437, 404, 455, 137, 374, 99, 36, 139, 506, 222, 264, 446, 572, 431, 519, 395, 359, 546, 417, 580, 344, 29, 286, 167, 334, 106, 216, 273, 291, 127, 64, 493, 495, 90, 352, 68, 420, 581, 20, 300, 567, 425, 121, 45, 46, 386, 338, 285, 517, 241, 561, 317, 7, 78, 110, 32, 202, 497, 208, 149, 312, 134, 79, 353, 21, 501, 444, 173, 160, 184, 490, 70, 459, 441, 193, 192, 235, 445, 266, 197, 329, 443, 304, 348, 545, 52, 516, 415, 259, 138, 220, 324, 368, 366, 525, 530, 223, 132, 489, 579, 280, 500, 5, 403, 212, 296, 161, 10, 492, 315, 301, 323, 532, 30, 476, 321, 170, 238, 180, 347, 449, 311, 361, 142, 377, 250, 11, 457, 571, 346, 460, 189, 128, 452, 233, 152, 303, 307, 574, 534, 186, 94, 499, 388, 436, 595, 135, 153, 464, 536, 53, 552, 592, 539, 350, 376, 593, 158, 256, 113, 543, 589, 122, 544, 95, 448, 558, 332, 357, 49, 482, 430, 164, 451, 345, 114, 224, 86, 40, 172, 379, 400, 111, 414, 230, 478, 115, 61, 17, 271, 97, 461, 294, 93, 502, 174, 328, 573, 586, 176, 440, 66, 215, 508, 590, 382, 548, 177, 453, 213, 148, 214, 290, 209, 18, 211, 505, 102, 2, 244, 318, 261, 401, 483, 408, 16, 433, 339, 363, 147, 278, 372, 116, 34, 367, 146, 380, 125, 23, 387, 262, 101, 477, 295, 25, 6, 246, 331, 87, 257, 531, 405, 527, 268, 274, 533, 27, 58, 336, 537, 129, 276, 569, 439, 447, 343, 326, 62, 540, 320, 319, 316, 140, 575, 3, 249, 204, 456, 362, 538, 582, 269, 469, 541, 26, 242, 165, 0, 28, 555, 583, 63, 355, 35, 247, 342, 44, 263, 402, 442, 412, 80, 267, 585, 179, 488, 199, 468, 498, 421, 486, 168, 219, 422, 512, 373, 467, 183, 185, 547, 203, 529, 145, 524, 458, 419, 117, 472, 166, 200, 289, 248, 162, 205, 494, 159, 226, 513, 591, 282, 526, 288, 194, 270, 520, 107, 360, 393, 518, 4, 528, 55, 287, 69, 221, 151, 504, 234, 108, 57, 109, 33, 515, 83, 228, 143, 411, 254, 118, 475, 450, 187, 169, 258, 96, 394, 556, 587, 81, 144, 136, 283, 150, 314, 1, 473, 598, 60, 584, 341, 559, 277, 188, 570, 409, 418, 305, 322, 297, 327, 578, 550, 123, 72, 577, 76, 22, 9, 175, 130, 225, 298, 191, 141, 309, 240, 576, 551, 384, 232, 523, 19, 156, 521, 306, 335, 100, 337, 426, 333, 89, 325, 503, 424, 435, 554, 105, 41, 542, 281, 39, 82, 51, 392, 302, 522, 434, 12, 511, 299, 245, 365, 474, 56, 75, 92, 207, 198, 371, 407, 358, 369, 507, 74, 375, 389, 588, 88, 565, 37, 85, 428, 397, 491, 104, 563, 354, 260, 231, 349, 91, 255, 48, 568, 340, 416, 429, 454, 410, 390, 131, 549, 514, 427, 59, 71, 293, 597, 227, 330, 465, 73, 510, 471, 8, 496, 229, 54, 272, 463, 124, 120, 398, 381, 119, 178, 252, 171, 370, 432, 470, 599, 236, 182, 438, 190, 201, 351, 210, 413, 47, 77, 50, 364, 279, 157, 251, 466, 423, 103, 217, 509, 310, 313, 566, 596, 181, 84, 112, 218, 385, 206, 126, 14, 253, 479, 98, 383, 462, 391, 42, 292, 560, 24, 38, 356, 195, 284]
First solution value:
36077
Execution: 3 Seed: 3
Final solution and makespan:
[531, 285, 295, 181, 388, 72, 523, 564, 463, 245, 235, 178, 229, 392, 568, 170, 180, 458, 393, 193, 69, 418, 136, 172, 371, 397, 594, 144, 550, 299, 364, 157, 86, 335, 498, 340, 25, 297, 225, 529, 237, 123, 124, 352, 250, 434, 75, 104, 59, 575, 489, 468, 582, 49, 226, 127, 168, 4, 140, 148, 444, 369, 109, 298, 139, 70, 156, 186, 432, 483, 23, 480, 429, 477, 22, 449, 522, 302, 11, 512, 96, 422, 132, 447, 150, 3, 118, 146, 580, 578, 196, 338, 596, 14, 166, 341, 380, 21, 217, 263, 360, 414, 454, 539, 275, 255, 581, 54, 13, 61, 588, 423, 56, 375, 406, 358, 390, 216, 80, 469, 379, 416, 230, 62, 30, 551, 337, 289, 585, 44, 48, 28, 145, 327, 471, 108, 88, 554, 212, 374, 141, 597, 562, 291, 542, 348, 421, 40, 313, 163, 345, 513, 147, 58, 359, 437, 262, 253, 191, 336, 409, 12, 17, 171, 438, 520, 481, 528, 408, 65, 567, 84, 164, 324, 570, 158, 349, 9, 385, 395, 174, 200, 377, 227, 401, 350, 577, 24, 120, 524, 326, 593, 384, 66, 584, 128, 499, 479, 270, 553, 545, 424, 89, 506, 436, 90, 510, 228, 310, 105, 135, 283, 433, 293, 488, 399, 534, 249, 332, 476, 113, 555, 334, 5, 161, 448, 215, 107, 557, 162, 50, 129, 232, 347, 233, 169, 321, 518, 204, 219, 273, 167, 276, 0, 394, 46, 362, 209, 503, 351, 279, 239, 417, 497, 102, 45, 541, 256, 559, 287, 76, 269, 207, 55, 31, 411, 319, 112, 189, 290, 464, 342, 92, 367, 343, 308, 261, 241, 305, 115, 7, 125, 194, 142, 533, 501, 467, 517, 387, 213, 34, 446, 231, 370, 548, 561, 330, 71, 304, 68, 451, 218, 538, 511, 470, 234, 490, 328, 354, 537, 317, 73, 363, 525, 311, 566, 155, 391, 103, 38, 278, 97, 361, 552, 320, 248, 165, 419, 413, 494, 378, 257, 153, 569, 495, 131, 325, 500, 210, 312, 294, 272, 32, 540, 478, 591, 571, 412, 599, 576, 173, 114, 439, 307, 6, 583, 33, 322, 195, 323, 431, 264, 206, 486, 543, 281, 27, 252, 405, 558, 316, 81, 130, 455, 53, 339, 160, 87, 110, 220, 507, 589, 52, 457, 357, 532, 519, 94, 15, 242, 51, 386, 598, 238, 265, 187, 461, 208, 572, 119, 306, 547, 42, 41, 398, 64, 595, 402, 134, 258, 91, 521, 587, 224, 192, 487, 549, 133, 592, 303, 453, 420, 16, 47, 271, 515, 415, 35, 117, 197, 39, 79, 126, 502, 26, 149, 284, 190, 426, 492, 475, 211, 485, 201, 560, 95, 318, 288, 203, 516, 67, 19, 314, 459, 251, 244, 445, 82, 185, 450, 247, 138, 344, 474, 376, 260, 301, 509, 574, 36, 456, 526, 473, 441, 389, 205, 428, 442, 346, 183, 106, 353, 268, 565, 355, 382, 37, 280, 365, 93, 462, 482, 246, 579, 282, 1, 465, 404, 296, 121, 484, 223, 544, 368, 460, 292, 329, 407, 98, 111, 182, 410, 267, 159, 381, 179, 18, 184, 452, 101, 221, 214, 83, 63, 74, 154, 372, 85, 274, 504, 143, 508, 536, 443, 493, 286, 2, 77, 505, 309, 176, 240, 266, 563, 300, 43, 427, 137, 100, 535, 202, 331, 396, 236, 99, 78, 356, 586, 366, 177, 254, 496, 425, 198, 573, 556, 590, 20, 10, 440, 466, 373, 383, 8, 152, 222, 400, 122, 491, 175, 430, 530, 243, 199, 435, 403, 472, 60, 527, 116, 259, 188, 151, 29, 514, 315, 277, 333, 57, 546]
34877
Execution time: 490.8545916080475

First solution:
[241, 310, 105, 405, 490, 158, 92, 68, 20, 411, 562, 296, 60, 227, 532, 549, 368, 283, 176, 108, 268, 219, 26, 266, 278, 198, 168, 317, 588, 381, 88, 345, 397, 518, 254, 182, 253, 484, 286, 91, 307, 7, 298, 319, 520, 199, 423, 433, 295, 441, 462, 165, 238, 312, 265, 44, 83, 47, 473, 287, 531, 482, 351, 148, 200, 592, 422, 207, 451, 282, 188, 364, 446, 328, 203, 331, 103, 63, 234, 284, 243, 125, 339, 181, 297, 470, 577, 43, 365, 357, 42, 458, 493, 488, 146, 376, 568, 491, 167, 9, 548, 147, 164, 494, 78, 396, 333, 210, 550, 538, 445, 572, 348, 418, 39, 150, 316, 98, 457, 586, 149, 69, 128, 195, 306, 81, 169, 293, 4, 186, 22, 232, 86, 514, 401, 590, 185, 536, 292, 49, 224, 106, 217, 508, 58, 30, 31, 28, 377, 467, 304, 346, 76, 598, 591, 279, 251, 557, 127, 497, 18, 62, 427, 270, 479, 496, 209, 507, 102, 244, 523, 123, 459, 492, 443, 439, 112, 215, 480, 502, 524, 578, 110, 255, 96, 16, 424, 130, 129, 124, 269, 456, 395, 118, 213, 133, 72, 166, 513, 161, 289, 59, 291, 206, 334, 407, 367, 570, 489, 563, 574, 542, 220, 107, 472, 84, 172, 151, 336, 599, 526, 400, 533, 436, 417, 335, 537, 137, 173, 535, 565, 38, 143, 321, 342, 97, 469, 202, 506, 65, 372, 341, 454, 85, 352, 325, 237, 567, 380, 434, 554, 111, 1, 580, 80, 6, 546, 131, 398, 362, 476, 113, 281, 27, 429, 82, 311, 541, 540, 373, 409, 225, 13, 40, 17, 449, 57, 250, 419, 511, 432, 71, 21, 463, 326, 267, 5, 152, 177, 583, 512, 575, 468, 517, 597, 159, 389, 119, 249, 204, 48, 485, 455, 187, 262, 222, 212, 421, 34, 100, 154, 245, 216, 587, 285, 356, 190, 543, 90, 447, 501, 390, 371, 132, 2, 450, 275, 324, 61, 56, 301, 247, 527, 576, 566, 426, 589, 564, 117, 593, 0, 392, 160, 239, 156, 256, 294, 464, 201, 553, 416, 594, 338, 290, 36, 64, 197, 343, 260, 332, 87, 355, 375, 361, 155, 288, 383, 585, 272, 45, 73, 95, 50, 498, 525, 89, 233, 248, 23, 19, 374, 499, 230, 384, 444, 228, 530, 544, 280, 313, 399, 264, 134, 193, 363, 560, 25, 315, 46, 435, 126, 240, 505, 387, 194, 29, 385, 402, 122, 223, 504, 308, 303, 77, 581, 486, 153, 561, 545, 180, 189, 79, 94, 515, 596, 359, 257, 135, 115, 431, 252, 170, 503, 403, 322, 305, 263, 3, 430, 388, 138, 261, 393, 93, 184, 99, 558, 442, 412, 354, 529, 569, 178, 221, 66, 428, 179, 191, 414, 314, 271, 163, 211, 33, 12, 41, 101, 67, 471, 438, 340, 24, 52, 320, 121, 571, 10, 15, 547, 183, 218, 394, 521, 495, 579, 539, 437, 205, 329, 196, 175, 53, 141, 337, 330, 144, 318, 425, 584, 259, 440, 70, 353, 378, 420, 528, 258, 140, 139, 415, 8, 299, 236, 391, 32, 360, 461, 534, 552, 51, 509, 369, 460, 120, 54, 162, 35, 273, 474, 556, 104, 274, 14, 347, 475, 366, 145, 510, 483, 481, 516, 11, 157, 214, 452, 573, 551, 309, 350, 477, 116, 300, 136, 37, 582, 344, 382, 242, 302, 595, 465, 235, 192, 327, 386, 410, 323, 466, 208, 55, 174, 277, 478, 74, 555, 559, 522, 358, 487, 229, 142, 404, 75, 453, 519, 408, 171, 370, 500, 226, 246, 379, 109, 231, 349, 276, 114, 413, 448, 406]
First solution value:
36296
Execution: 4 Seed: 4
Final solution and makespan:
[22, 272, 552, 113, 229, 368, 69, 42, 225, 204, 175, 166, 176, 347, 76, 20, 173, 271, 277, 372, 548, 124, 470, 344, 553, 551, 183, 296, 243, 334, 160, 560, 200, 134, 465, 477, 138, 511, 255, 157, 452, 447, 252, 453, 412, 269, 178, 415, 451, 247, 267, 283, 303, 97, 575, 51, 132, 454, 327, 380, 127, 568, 427, 462, 362, 224, 109, 273, 390, 284, 366, 590, 0, 463, 71, 44, 574, 250, 459, 238, 105, 107, 301, 220, 180, 349, 209, 446, 364, 257, 348, 205, 396, 512, 323, 163, 196, 425, 67, 314, 499, 406, 497, 416, 432, 350, 55, 206, 65, 514, 237, 378, 450, 199, 367, 331, 158, 404, 516, 46, 84, 16, 25, 182, 305, 70, 168, 219, 377, 245, 547, 330, 421, 260, 50, 232, 304, 338, 527, 179, 244, 388, 598, 309, 448, 184, 126, 485, 569, 210, 376, 369, 510, 14, 515, 135, 570, 592, 129, 112, 411, 393, 588, 188, 555, 441, 340, 92, 6, 472, 417, 436, 534, 543, 358, 491, 35, 495, 466, 317, 3, 506, 567, 282, 467, 68, 227, 430, 496, 263, 488, 48, 181, 150, 88, 576, 523, 405, 152, 403, 481, 324, 153, 572, 365, 562, 54, 508, 386, 212, 431, 468, 235, 500, 251, 259, 524, 106, 19, 460, 174, 79, 146, 290, 352, 81, 228, 94, 550, 391, 328, 541, 455, 234, 594, 492, 434, 60, 473, 23, 122, 110, 326, 407, 21, 413, 2, 104, 542, 156, 27, 123, 120, 554, 241, 389, 525, 537, 254, 596, 471, 371, 154, 4, 39, 293, 310, 53, 295, 96, 357, 300, 332, 140, 159, 125, 91, 319, 197, 56, 329, 270, 164, 584, 360, 498, 529, 545, 61, 9, 147, 93, 82, 339, 11, 95, 185, 564, 198, 217, 41, 586, 49, 482, 442, 75, 440, 573, 291, 186, 32, 216, 577, 211, 43, 402, 437, 520, 18, 311, 591, 461, 281, 80, 90, 203, 100, 507, 253, 579, 34, 73, 533, 487, 133, 117, 114, 435, 449, 464, 1, 558, 128, 103, 493, 518, 490, 321, 593, 517, 336, 458, 313, 297, 239, 33, 316, 248, 8, 208, 233, 131, 504, 261, 177, 422, 557, 486, 274, 581, 346, 15, 236, 478, 213, 400, 24, 418, 279, 595, 26, 221, 119, 392, 374, 559, 58, 544, 382, 475, 420, 256, 98, 77, 398, 456, 587, 528, 59, 363, 222, 355, 230, 37, 426, 62, 469, 292, 72, 582, 409, 276, 509, 354, 530, 320, 136, 207, 202, 408, 89, 494, 85, 483, 118, 565, 36, 474, 7, 589, 268, 318, 308, 439, 12, 5, 226, 102, 556, 519, 63, 40, 142, 66, 171, 144, 246, 149, 38, 266, 64, 187, 397, 384, 325, 302, 28, 240, 444, 262, 151, 172, 47, 167, 195, 479, 287, 288, 379, 585, 561, 191, 189, 539, 484, 531, 307, 424, 501, 99, 583, 315, 215, 289, 249, 345, 223, 74, 193, 218, 148, 343, 137, 443, 580, 353, 231, 597, 111, 401, 394, 526, 410, 194, 165, 298, 381, 299, 155, 242, 170, 571, 169, 145, 549, 480, 359, 286, 101, 370, 521, 83, 264, 258, 52, 457, 78, 476, 578, 29, 445, 538, 278, 13, 522, 141, 86, 414, 337, 429, 428, 351, 335, 505, 341, 161, 190, 143, 387, 536, 121, 306, 356, 502, 17, 87, 192, 275, 399, 361, 395, 503, 285, 423, 139, 535, 115, 433, 31, 333, 10, 513, 563, 214, 383, 57, 130, 546, 540, 566, 312, 342, 30, 116, 322, 280, 599, 162, 373, 385, 294, 375, 532, 201, 419, 108, 265, 438, 489, 45]
34790
Execution time: 391.9754445552826

First solution:
[261, 367, 542, 29, 476, 255, 53, 160, 115, 380, 480, 252, 389, 556, 104, 594, 13, 221, 417, 286, 186, 398, 163, 73, 142, 455, 129, 135, 1, 5, 214, 220, 169, 170, 296, 321, 203, 552, 209, 579, 201, 392, 305, 22, 369, 424, 567, 149, 270, 66, 339, 308, 3, 346, 67, 317, 363, 313, 492, 323, 189, 541, 483, 180, 58, 262, 23, 366, 413, 18, 428, 374, 385, 9, 463, 47, 185, 559, 121, 251, 473, 352, 543, 256, 519, 110, 376, 302, 37, 582, 484, 500, 46, 106, 174, 534, 312, 523, 470, 75, 505, 141, 515, 359, 279, 524, 159, 351, 162, 156, 90, 408, 40, 320, 76, 555, 518, 158, 247, 82, 368, 24, 41, 307, 273, 472, 207, 16, 521, 379, 304, 176, 423, 128, 233, 333, 215, 74, 28, 326, 474, 410, 588, 171, 429, 506, 550, 528, 288, 545, 322, 403, 211, 54, 86, 222, 190, 485, 30, 432, 525, 150, 72, 232, 544, 445, 267, 436, 249, 537, 373, 491, 245, 140, 562, 240, 206, 508, 57, 193, 272, 91, 564, 584, 173, 92, 45, 520, 139, 263, 400, 280, 257, 184, 32, 402, 396, 182, 355, 300, 549, 17, 388, 490, 560, 580, 360, 342, 143, 248, 572, 353, 532, 438, 499, 332, 418, 297, 570, 242, 488, 466, 166, 343, 426, 237, 147, 516, 331, 344, 404, 178, 375, 329, 468, 561, 179, 88, 430, 230, 395, 456, 265, 437, 271, 85, 101, 502, 244, 144, 487, 513, 213, 87, 315, 382, 264, 340, 439, 154, 319, 283, 460, 138, 14, 100, 81, 409, 225, 399, 414, 112, 387, 540, 21, 241, 591, 84, 27, 68, 56, 529, 327, 481, 99, 501, 530, 212, 238, 517, 194, 36, 512, 585, 471, 191, 0, 310, 497, 575, 364, 535, 314, 469, 597, 281, 558, 48, 151, 495, 504, 415, 386, 536, 453, 569, 299, 275, 539, 239, 356, 80, 195, 538, 397, 486, 507, 595, 303, 277, 55, 377, 290, 268, 192, 219, 510, 337, 457, 425, 427, 309, 196, 464, 133, 294, 412, 77, 127, 64, 454, 381, 372, 324, 78, 125, 452, 576, 548, 122, 6, 31, 168, 493, 113, 62, 422, 10, 200, 34, 447, 334, 547, 554, 136, 391, 70, 234, 557, 231, 526, 444, 276, 274, 39, 406, 590, 465, 126, 155, 458, 132, 165, 293, 443, 441, 4, 258, 405, 442, 433, 371, 181, 434, 157, 503, 187, 587, 370, 118, 89, 435, 527, 291, 33, 348, 401, 250, 498, 116, 175, 581, 419, 411, 292, 227, 109, 451, 152, 574, 161, 266, 123, 98, 338, 228, 50, 202, 119, 459, 599, 183, 514, 260, 347, 120, 79, 246, 42, 226, 598, 253, 449, 137, 341, 108, 336, 12, 578, 298, 216, 325, 592, 565, 354, 172, 197, 103, 124, 384, 311, 573, 330, 259, 589, 105, 301, 335, 383, 114, 416, 511, 489, 148, 19, 533, 229, 467, 52, 102, 20, 8, 153, 479, 390, 71, 583, 566, 177, 95, 284, 35, 7, 210, 96, 15, 51, 107, 553, 571, 269, 11, 349, 568, 218, 357, 531, 494, 97, 167, 205, 289, 199, 509, 188, 306, 223, 461, 361, 350, 204, 522, 358, 285, 278, 69, 217, 596, 63, 478, 362, 164, 83, 117, 477, 224, 131, 450, 496, 2, 593, 316, 365, 38, 551, 94, 60, 421, 407, 134, 198, 462, 394, 393, 43, 420, 345, 431, 287, 328, 111, 577, 446, 44, 145, 563, 586, 235, 130, 59, 282, 475, 440, 546, 61, 25, 236, 146, 49, 65, 243, 378, 26, 295, 482, 448, 318, 208, 254, 93]
First solution value:
36004
Execution: 5 Seed: 5
Final solution and makespan:
[326, 94, 377, 573, 405, 47, 538, 509, 119, 336, 349, 208, 501, 352, 568, 114, 572, 112, 542, 196, 215, 219, 32, 181, 304, 556, 144, 193, 492, 118, 597, 271, 328, 130, 520, 3, 209, 276, 537, 489, 425, 77, 502, 392, 268, 459, 238, 526, 9, 460, 369, 218, 378, 204, 146, 415, 195, 449, 177, 37, 189, 263, 216, 311, 335, 141, 360, 519, 25, 83, 175, 503, 55, 589, 323, 324, 500, 375, 291, 569, 68, 231, 13, 333, 485, 497, 373, 533, 376, 110, 72, 22, 306, 111, 571, 517, 150, 279, 411, 285, 470, 462, 437, 91, 436, 305, 447, 93, 330, 48, 565, 553, 507, 307, 491, 300, 575, 128, 390, 259, 490, 65, 252, 201, 386, 550, 371, 174, 301, 116, 136, 59, 273, 98, 62, 264, 156, 81, 452, 534, 293, 454, 325, 428, 33, 320, 516, 109, 123, 20, 126, 468, 522, 361, 399, 240, 544, 396, 166, 131, 401, 422, 525, 448, 400, 559, 49, 356, 530, 316, 74, 192, 247, 461, 251, 343, 366, 495, 46, 140, 220, 527, 19, 164, 384, 137, 479, 558, 249, 7, 588, 275, 106, 412, 101, 441, 389, 2, 143, 342, 56, 570, 17, 469, 515, 339, 262, 60, 23, 357, 210, 409, 171, 391, 239, 244, 477, 367, 253, 15, 286, 493, 442, 380, 142, 18, 85, 199, 70, 155, 475, 576, 28, 226, 416, 480, 504, 354, 450, 283, 539, 148, 591, 346, 332, 362, 97, 90, 455, 427, 423, 514, 187, 180, 420, 242, 566, 96, 563, 29, 445, 395, 12, 549, 292, 474, 308, 429, 178, 234, 16, 318, 41, 160, 417, 14, 340, 540, 577, 440, 169, 564, 545, 295, 132, 227, 198, 439, 532, 453, 313, 284, 351, 592, 124, 581, 151, 57, 203, 298, 36, 402, 161, 370, 243, 560, 153, 518, 478, 197, 433, 398, 121, 322, 78, 303, 261, 157, 179, 40, 4, 562, 432, 528, 543, 486, 6, 551, 122, 100, 200, 579, 115, 250, 506, 337, 149, 363, 282, 125, 176, 88, 236, 11, 338, 194, 473, 582, 120, 347, 221, 574, 394, 410, 594, 297, 277, 95, 348, 443, 431, 222, 317, 76, 421, 135, 223, 89, 590, 265, 404, 52, 21, 583, 147, 596, 521, 406, 183, 272, 315, 75, 86, 281, 165, 567, 580, 278, 26, 154, 587, 353, 456, 496, 472, 99, 27, 87, 84, 294, 207, 172, 407, 42, 312, 43, 108, 267, 467, 184, 24, 465, 190, 182, 379, 536, 82, 372, 358, 266, 51, 274, 228, 548, 374, 69, 290, 309, 446, 321, 188, 299, 31, 58, 224, 170, 331, 134, 205, 382, 434, 102, 256, 159, 359, 471, 319, 53, 105, 296, 547, 368, 280, 225, 505, 44, 511, 260, 104, 113, 458, 584, 138, 34, 257, 269, 397, 248, 593, 438, 499, 314, 206, 232, 381, 35, 287, 241, 424, 61, 555, 38, 202, 557, 444, 365, 212, 186, 217, 50, 355, 513, 92, 484, 191, 79, 127, 418, 133, 329, 255, 561, 233, 364, 494, 45, 129, 66, 237, 334, 482, 211, 163, 552, 508, 430, 80, 585, 598, 254, 464, 451, 413, 214, 54, 64, 483, 139, 599, 578, 466, 327, 541, 270, 230, 152, 63, 531, 73, 107, 463, 350, 387, 0, 246, 535, 1, 158, 554, 258, 595, 117, 344, 71, 512, 235, 498, 426, 173, 162, 546, 229, 310, 145, 168, 5, 414, 39, 67, 8, 185, 213, 481, 457, 408, 435, 345, 302, 388, 488, 103, 289, 487, 245, 341, 167, 586, 288, 523, 476, 393, 30, 383, 529, 10, 419, 403, 524, 510, 385]
34761
Execution time: 385.4974617958069

First solution:
[587, 82, 496, 267, 37, 0, 149, 481, 382, 327, 22, 279, 500, 202, 423, 551, 552, 96, 197, 576, 566, 271, 90, 434, 343, 95, 370, 419, 256, 455, 582, 201, 298, 99, 46, 205, 369, 498, 198, 527, 515, 29, 573, 250, 440, 311, 365, 122, 91, 512, 537, 203, 119, 274, 319, 200, 388, 495, 228, 141, 214, 534, 12, 193, 173, 17, 340, 313, 383, 386, 398, 296, 129, 599, 55, 189, 433, 407, 98, 451, 251, 584, 456, 457, 389, 78, 436, 482, 310, 361, 418, 209, 592, 43, 521, 591, 348, 136, 231, 249, 563, 401, 494, 88, 9, 11, 275, 63, 128, 301, 410, 184, 569, 131, 257, 501, 168, 474, 264, 130, 210, 550, 450, 215, 532, 248, 137, 308, 243, 336, 245, 519, 72, 499, 536, 254, 156, 324, 412, 239, 165, 187, 337, 83, 317, 192, 355, 472, 502, 163, 330, 548, 526, 373, 406, 80, 585, 148, 286, 3, 545, 230, 558, 93, 15, 312, 396, 291, 57, 349, 367, 524, 185, 464, 490, 31, 505, 79, 473, 314, 7, 216, 461, 400, 409, 268, 468, 38, 240, 118, 51, 428, 427, 74, 503, 320, 124, 511, 162, 73, 19, 321, 342, 49, 553, 53, 23, 449, 244, 236, 557, 35, 322, 435, 359, 282, 65, 315, 42, 598, 316, 323, 135, 334, 484, 255, 453, 10, 326, 70, 487, 225, 469, 368, 541, 285, 540, 391, 528, 32, 593, 186, 146, 488, 538, 381, 485, 363, 143, 140, 242, 220, 227, 190, 16, 506, 127, 309, 371, 583, 546, 345, 597, 172, 408, 338, 26, 107, 221, 175, 39, 444, 58, 204, 280, 69, 237, 253, 417, 531, 595, 179, 266, 530, 574, 269, 76, 94, 144, 77, 259, 432, 561, 114, 113, 288, 64, 539, 517, 562, 123, 287, 293, 2, 452, 581, 466, 166, 195, 420, 366, 4, 448, 578, 384, 462, 547, 278, 346, 139, 580, 475, 84, 68, 196, 529, 424, 6, 20, 241, 30, 590, 415, 188, 376, 290, 115, 208, 263, 150, 47, 270, 329, 507, 86, 395, 169, 112, 571, 429, 28, 318, 45, 549, 392, 235, 572, 454, 476, 535, 358, 108, 292, 181, 416, 404, 305, 59, 596, 262, 219, 167, 199, 421, 568, 459, 54, 71, 151, 555, 234, 134, 586, 458, 281, 390, 556, 277, 307, 132, 393, 385, 152, 224, 8, 92, 513, 176, 437, 431, 295, 471, 341, 177, 87, 111, 213, 13, 516, 543, 211, 510, 374, 446, 403, 594, 489, 67, 589, 411, 331, 157, 284, 414, 33, 360, 332, 325, 565, 62, 387, 443, 207, 109, 554, 479, 160, 533, 493, 303, 258, 364, 564, 523, 306, 333, 247, 147, 27, 356, 486, 41, 413, 339, 100, 121, 522, 377, 138, 120, 525, 579, 353, 117, 570, 509, 106, 477, 81, 34, 362, 588, 294, 447, 260, 352, 226, 302, 372, 52, 422, 283, 483, 289, 380, 497, 24, 48, 350, 265, 297, 180, 18, 66, 272, 133, 182, 351, 170, 171, 354, 518, 75, 463, 480, 425, 212, 178, 465, 110, 5, 14, 97, 402, 514, 399, 164, 491, 191, 155, 328, 379, 478, 44, 344, 441, 273, 300, 508, 126, 577, 61, 217, 438, 460, 103, 25, 36, 222, 145, 542, 21, 40, 161, 304, 229, 252, 125, 405, 442, 1, 426, 544, 116, 445, 375, 194, 223, 105, 233, 299, 261, 50, 276, 232, 159, 101, 394, 492, 560, 347, 102, 154, 470, 158, 104, 183, 60, 218, 559, 85, 575, 142, 567, 174, 439, 520, 56, 238, 153, 335, 89, 357, 397, 504, 206, 430, 246, 378, 467]
First solution value:
36058
Execution: 6 Seed: 6
Final solution and makespan:
[254, 33, 274, 336, 417, 425, 115, 515, 219, 402, 527, 380, 193, 273, 36, 321, 182, 468, 294, 276, 270, 204, 198, 359, 81, 565, 352, 451, 76, 562, 588, 179, 484, 594, 570, 119, 15, 308, 37, 414, 99, 508, 180, 181, 134, 263, 372, 440, 52, 102, 128, 560, 313, 493, 269, 201, 158, 71, 461, 47, 396, 110, 228, 431, 63, 131, 571, 369, 197, 540, 300, 500, 462, 148, 24, 55, 448, 202, 109, 65, 471, 377, 73, 394, 501, 307, 95, 83, 536, 564, 220, 360, 176, 373, 230, 281, 554, 283, 548, 68, 240, 56, 140, 563, 337, 463, 256, 597, 248, 406, 518, 358, 443, 311, 170, 427, 420, 503, 413, 312, 378, 156, 551, 452, 566, 513, 97, 233, 226, 344, 88, 317, 268, 39, 172, 216, 61, 111, 40, 196, 599, 349, 178, 310, 288, 426, 544, 10, 550, 320, 137, 7, 412, 79, 208, 244, 341, 361, 286, 489, 253, 538, 434, 177, 45, 423, 583, 72, 331, 371, 117, 388, 455, 473, 106, 43, 385, 280, 90, 112, 51, 255, 475, 334, 400, 151, 407, 330, 375, 22, 333, 209, 122, 183, 523, 184, 48, 34, 124, 26, 547, 114, 223, 105, 260, 315, 229, 265, 580, 9, 491, 584, 530, 524, 576, 397, 477, 553, 568, 50, 18, 171, 465, 232, 415, 480, 483, 329, 145, 474, 555, 38, 206, 173, 80, 101, 517, 411, 324, 430, 20, 323, 103, 577, 139, 1, 0, 157, 224, 86, 325, 510, 498, 64, 534, 379, 556, 593, 246, 12, 531, 453, 215, 245, 143, 279, 127, 472, 569, 459, 404, 11, 136, 92, 587, 572, 16, 399, 285, 296, 408, 155, 552, 520, 225, 525, 549, 479, 301, 217, 212, 298, 159, 199, 322, 509, 464, 401, 8, 481, 262, 238, 347, 98, 305, 142, 257, 596, 497, 35, 153, 152, 499, 578, 516, 454, 326, 345, 67, 495, 54, 17, 496, 368, 21, 514, 528, 395, 316, 123, 574, 213, 338, 27, 482, 290, 598, 231, 456, 241, 340, 363, 488, 424, 355, 297, 144, 185, 236, 532, 14, 439, 239, 77, 351, 129, 309, 89, 161, 42, 59, 259, 457, 46, 382, 436, 6, 339, 398, 284, 107, 235, 458, 169, 295, 175, 203, 242, 62, 366, 409, 494, 168, 118, 57, 49, 314, 441, 234, 393, 211, 4, 429, 384, 575, 374, 154, 66, 191, 332, 32, 210, 419, 421, 100, 391, 287, 94, 469, 433, 120, 130, 2, 188, 28, 126, 364, 432, 187, 108, 194, 293, 147, 146, 350, 271, 3, 539, 438, 545, 535, 386, 346, 353, 522, 533, 586, 529, 164, 58, 250, 435, 542, 132, 381, 348, 82, 195, 19, 445, 133, 104, 93, 13, 252, 275, 78, 302, 376, 428, 218, 492, 561, 60, 91, 354, 141, 557, 506, 567, 74, 367, 595, 490, 87, 512, 502, 478, 370, 261, 166, 291, 162, 589, 135, 327, 186, 258, 149, 447, 319, 486, 467, 437, 357, 30, 116, 511, 138, 299, 342, 278, 190, 487, 405, 416, 222, 207, 251, 444, 390, 247, 41, 543, 163, 343, 559, 446, 214, 573, 585, 272, 335, 387, 125, 189, 449, 418, 267, 356, 150, 303, 167, 365, 277, 410, 5, 383, 592, 23, 53, 579, 581, 362, 541, 243, 328, 466, 192, 582, 470, 249, 85, 292, 29, 237, 505, 591, 590, 205, 200, 460, 44, 306, 264, 31, 519, 289, 113, 537, 165, 504, 558, 96, 221, 507, 174, 403, 521, 282, 526, 422, 304, 121, 318, 160, 266, 227, 25, 485, 392, 442, 70, 69, 450, 84, 75, 546, 389, 476]
34903
Execution time: 418.20116925239563

First solution:
[331, 154, 404, 49, 74, 548, 96, 374, 59, 519, 219, 38, 88, 444, 428, 71, 246, 92, 564, 434, 60, 126, 228, 63, 406, 50, 226, 47, 570, 136, 296, 429, 147, 553, 120, 315, 185, 105, 192, 381, 99, 64, 61, 210, 508, 544, 437, 321, 476, 464, 370, 306, 254, 184, 249, 83, 307, 537, 506, 351, 459, 294, 595, 565, 524, 585, 168, 350, 155, 500, 431, 40, 79, 552, 348, 358, 555, 467, 70, 95, 276, 485, 66, 62, 317, 456, 291, 395, 355, 11, 481, 236, 181, 86, 312, 591, 252, 30, 111, 393, 567, 517, 378, 578, 203, 200, 469, 446, 547, 41, 85, 229, 205, 281, 142, 452, 521, 419, 220, 442, 486, 518, 361, 212, 183, 349, 484, 194, 118, 77, 42, 90, 470, 471, 337, 119, 6, 248, 425, 301, 93, 134, 144, 2, 542, 214, 273, 189, 505, 289, 163, 558, 353, 439, 263, 316, 335, 346, 497, 27, 233, 399, 525, 408, 286, 494, 495, 204, 201, 53, 583, 324, 487, 31, 97, 34, 106, 225, 554, 56, 174, 543, 26, 52, 0, 290, 522, 274, 51, 186, 314, 13, 36, 423, 409, 561, 76, 534, 129, 177, 308, 410, 242, 516, 504, 545, 238, 245, 247, 159, 43, 73, 416, 383, 175, 379, 135, 392, 354, 82, 264, 510, 562, 270, 563, 75, 447, 278, 436, 376, 152, 329, 46, 356, 133, 265, 187, 489, 182, 114, 272, 277, 257, 533, 325, 360, 313, 559, 122, 427, 116, 102, 364, 503, 477, 14, 344, 143, 241, 132, 352, 309, 176, 577, 178, 398, 490, 112, 387, 474, 240, 100, 172, 104, 391, 319, 451, 415, 382, 465, 389, 557, 198, 566, 244, 91, 222, 170, 44, 202, 237, 532, 402, 81, 87, 65, 343, 413, 530, 455, 397, 179, 527, 280, 569, 67, 10, 7, 599, 269, 584, 373, 339, 108, 303, 128, 435, 149, 256, 123, 166, 340, 454, 538, 426, 507, 234, 384, 215, 479, 498, 302, 261, 9, 422, 539, 514, 403, 587, 72, 299, 318, 275, 279, 511, 580, 515, 440, 573, 342, 285, 576, 48, 483, 293, 197, 25, 401, 115, 250, 292, 472, 336, 492, 16, 113, 421, 156, 259, 531, 131, 411, 400, 568, 341, 130, 571, 206, 540, 231, 462, 443, 365, 414, 368, 338, 560, 35, 575, 357, 328, 453, 80, 18, 171, 258, 109, 288, 54, 438, 268, 556, 39, 475, 164, 169, 359, 407, 448, 551, 550, 420, 24, 101, 124, 333, 323, 57, 546, 180, 110, 488, 103, 541, 107, 574, 405, 594, 23, 193, 4, 320, 141, 117, 332, 460, 98, 84, 372, 390, 592, 218, 235, 28, 58, 417, 21, 590, 69, 526, 367, 151, 33, 283, 216, 227, 588, 137, 158, 496, 523, 22, 450, 394, 282, 146, 310, 68, 195, 138, 145, 153, 188, 8, 499, 298, 15, 230, 1, 418, 251, 430, 549, 424, 297, 157, 5, 369, 468, 502, 223, 20, 125, 463, 491, 243, 581, 207, 457, 165, 461, 598, 37, 345, 191, 366, 224, 330, 311, 445, 32, 167, 121, 501, 520, 473, 363, 304, 579, 253, 593, 371, 55, 589, 148, 482, 362, 334, 480, 29, 536, 326, 17, 535, 173, 211, 213, 322, 267, 528, 572, 127, 262, 478, 150, 3, 208, 493, 139, 89, 513, 217, 271, 295, 380, 255, 94, 162, 441, 199, 209, 232, 396, 347, 377, 284, 458, 386, 160, 375, 512, 266, 388, 412, 466, 287, 327, 12, 586, 300, 140, 597, 221, 239, 509, 305, 432, 433, 582, 260, 596, 385, 190, 19, 449, 161, 196, 45, 78, 529]
First solution value:
35832
Execution: 7 Seed: 7