First solution:
[394, 430, 41, 265, 523, 497, 414, 310, 488, 366, 223, 516, 142, 288, 143, 97, 256, 545, 150, 317, 101, 75, 338, 483, 573, 103, 362, 444, 323, 209, 565, 591, 453, 533, 266, 63, 561, 14, 95, 408, 1, 505, 341, 249, 333, 64, 195, 227, 244, 145, 458, 93, 82, 327, 520, 501, 111, 308, 298, 127, 340, 208, 294, 455, 548, 599, 324, 247, 297, 188, 193, 191, 33, 569, 487, 70, 91, 133, 153, 39, 547, 400, 282, 241, 220, 429, 281, 461, 504, 577, 328, 358, 469, 503, 406, 182, 42, 166, 313, 59, 556, 300, 322, 171, 432, 584, 124, 8, 374, 138, 500, 361, 112, 190, 558, 87, 170, 218, 417, 31, 51, 518, 74, 437, 357, 525, 23, 418, 293, 566, 465, 273, 542, 348, 37, 13, 564, 325, 96, 592, 425, 537, 61, 200, 46, 189, 426, 489, 18, 460, 11, 99, 94, 367, 463, 245, 107, 372, 409, 480, 347, 449, 278, 217, 580, 479, 427, 522, 35, 113, 36, 331, 154, 179, 589, 92, 440, 257, 239, 20, 305, 434, 508, 456, 102, 495, 183, 491, 240, 291, 86, 475, 344, 104, 392, 29, 403, 346, 81, 519, 175, 271, 128, 60, 419, 226, 539, 89, 6, 588, 466, 570, 410, 260, 159, 332, 511, 198, 336, 397, 78, 287, 353, 391, 234, 40, 496, 473, 476, 585, 69, 122, 246, 180, 312, 147, 407, 413, 302, 470, 435, 67, 158, 382, 212, 555, 597, 0, 304, 98, 373, 401, 368, 114, 326, 229, 529, 290, 355, 16, 205, 342, 214, 442, 84, 228, 32, 132, 80, 334, 270, 499, 378, 309, 352, 19, 253, 502, 385, 421, 25, 557, 512, 280, 506, 66, 7, 339, 213, 161, 559, 109, 544, 345, 329, 50, 494, 396, 579, 433, 370, 535, 472, 243, 203, 377, 438, 140, 231, 452, 131, 68, 526, 177, 58, 79, 587, 9, 21, 420, 105, 384, 450, 187, 513, 571, 375, 222, 486, 595, 106, 192, 149, 4, 524, 77, 490, 576, 172, 530, 47, 173, 451, 275, 263, 549, 38, 251, 267, 477, 424, 301, 292, 527, 578, 404, 439, 276, 457, 320, 12, 379, 45, 219, 593, 186, 422, 264, 574, 311, 335, 76, 269, 27, 319, 299, 123, 121, 441, 215, 204, 207, 484, 423, 296, 551, 567, 540, 467, 517, 232, 85, 386, 399, 582, 315, 160, 144, 359, 163, 22, 393, 583, 351, 528, 56, 15, 350, 2, 225, 100, 283, 371, 250, 402, 125, 252, 383, 258, 55, 108, 197, 447, 194, 314, 575, 236, 110, 49, 395, 337, 356, 307, 134, 115, 531, 30, 318, 248, 65, 53, 10, 590, 507, 26, 196, 117, 201, 509, 139, 274, 155, 493, 156, 202, 387, 230, 235, 126, 478, 162, 581, 164, 176, 553, 436, 389, 532, 210, 146, 295, 365, 303, 468, 130, 262, 90, 550, 568, 492, 415, 560, 206, 543, 5, 120, 28, 168, 165, 174, 306, 255, 57, 181, 316, 119, 360, 83, 285, 259, 554, 48, 481, 448, 546, 73, 471, 221, 521, 330, 289, 54, 148, 184, 586, 459, 321, 390, 349, 388, 572, 169, 135, 462, 381, 261, 152, 72, 354, 552, 185, 445, 446, 141, 52, 482, 286, 3, 118, 254, 510, 369, 343, 233, 536, 485, 178, 62, 428, 416, 594, 405, 216, 364, 237, 116, 43, 268, 199, 538, 137, 238, 24, 157, 129, 376, 498, 596, 211, 454, 515, 514, 563, 279, 242, 431, 272, 17, 412, 541, 34, 411, 443, 151, 224, 71, 88, 167, 562, 398, 44, 284, 534, 598, 277, 474, 380, 136, 363, 464]
First solution value:
36187
Execution: 0 Seed: 0
Final solution and makespan:
[5, 500, 145, 73, 76, 147, 54, 455, 428, 252, 481, 171, 101, 63, 513, 256, 212, 154, 152, 84, 255, 40, 496, 565, 410, 132, 172, 584, 331, 202, 42, 162, 192, 157, 161, 243, 359, 246, 151, 504, 122, 291, 484, 44, 128, 300, 516, 469, 215, 598, 447, 18, 35, 572, 351, 65, 69, 96, 368, 343, 170, 433, 344, 497, 129, 514, 385, 542, 569, 283, 308, 232, 124, 194, 503, 19, 546, 411, 442, 364, 303, 559, 434, 462, 536, 549, 557, 310, 253, 403, 59, 64, 50, 354, 380, 46, 142, 449, 91, 51, 539, 499, 315, 139, 74, 78, 204, 153, 203, 208, 279, 263, 360, 309, 190, 524, 407, 512, 404, 272, 532, 548, 119, 285, 582, 533, 393, 211, 236, 193, 227, 509, 417, 280, 286, 556, 159, 363, 377, 540, 346, 290, 275, 522, 511, 109, 149, 467, 446, 36, 335, 387, 479, 165, 87, 137, 110, 538, 365, 197, 468, 98, 239, 550, 166, 273, 230, 530, 68, 486, 134, 228, 86, 338, 60, 206, 560, 439, 244, 581, 544, 392, 347, 472, 117, 423, 182, 454, 453, 53, 24, 278, 297, 367, 38, 394, 326, 179, 130, 552, 111, 10, 578, 226, 58, 415, 15, 466, 384, 16, 587, 150, 120, 459, 158, 527, 191, 277, 594, 1, 247, 389, 79, 250, 102, 438, 429, 464, 477, 395, 350, 508, 121, 183, 386, 201, 432, 445, 593, 501, 143, 173, 553, 502, 579, 529, 94, 345, 541, 430, 174, 177, 266, 324, 7, 213, 37, 425, 271, 518, 92, 32, 251, 378, 406, 381, 199, 408, 379, 485, 391, 189, 337, 257, 57, 105, 419, 4, 564, 577, 358, 241, 188, 186, 482, 196, 460, 371, 390, 30, 409, 238, 39, 289, 43, 234, 200, 325, 34, 373, 281, 450, 568, 66, 83, 47, 519, 443, 103, 456, 127, 52, 112, 526, 534, 262, 517, 555, 282, 0, 125, 589, 487, 261, 25, 292, 245, 14, 23, 329, 187, 93, 463, 547, 89, 498, 311, 452, 558, 131, 348, 8, 599, 248, 414, 146, 6, 488, 461, 27, 175, 475, 116, 506, 451, 483, 574, 235, 299, 327, 118, 41, 209, 155, 85, 320, 90, 298, 61, 551, 269, 62, 370, 401, 26, 284, 448, 402, 13, 400, 361, 164, 597, 67, 588, 478, 305, 225, 249, 376, 396, 106, 465, 421, 33, 372, 224, 304, 260, 323, 258, 531, 276, 596, 295, 416, 573, 100, 505, 537, 95, 205, 545, 136, 148, 21, 340, 369, 341, 264, 441, 426, 523, 123, 29, 352, 70, 104, 9, 48, 113, 20, 575, 336, 178, 388, 77, 515, 167, 353, 160, 586, 316, 398, 195, 240, 375, 520, 470, 274, 233, 312, 427, 563, 412, 133, 490, 413, 566, 140, 333, 221, 210, 301, 198, 535, 355, 595, 288, 216, 418, 440, 399, 362, 510, 88, 357, 220, 108, 321, 22, 480, 268, 267, 489, 72, 576, 590, 223, 458, 56, 28, 507, 471, 435, 334, 521, 168, 322, 156, 176, 342, 528, 330, 319, 356, 107, 3, 307, 314, 437, 420, 592, 45, 431, 444, 554, 287, 2, 254, 580, 97, 422, 169, 214, 382, 265, 138, 571, 237, 144, 81, 80, 49, 583, 17, 231, 229, 259, 219, 495, 218, 55, 185, 11, 99, 585, 383, 494, 135, 296, 31, 184, 405, 126, 207, 366, 294, 270, 436, 543, 473, 397, 349, 115, 318, 222, 374, 12, 306, 570, 525, 163, 114, 71, 313, 492, 476, 293, 180, 493, 181, 317, 82, 242, 562, 75, 141, 332, 491, 302, 474, 328, 591, 457, 217, 339, 561, 424, 567]
34895
Execution time: 260.1777021884918


Mean makespan: 3489.5