First solution:
[54, 24, 48, 56, 26, 2, 16, 32, 31, 25, 19, 30, 22, 37, 13, 52, 8, 18, 43, 6, 39, 53, 34, 9, 49, 40, 4, 21, 57, 17, 3, 11, 45, 10, 35, 20, 46, 51, 15, 14, 38, 41, 1, 0, 59, 28, 27, 23, 58, 55, 50, 7, 5, 47, 42, 44, 36, 29, 33, 12]
First solution value:
4292
Execution: 0 Seed: 0
Final solution and makespan:
[46, 4, 15, 47, 24, 43, 17, 2, 39, 48, 20, 7, 25, 41, 1, 12, 57, 49, 51, 50, 32, 29, 13, 6, 55, 18, 23, 19, 53, 37, 52, 8, 28, 0, 44, 26, 22, 11, 27, 30, 10, 45, 5, 14, 16, 21, 36, 54, 56, 40, 59, 58, 3, 33, 34, 9, 35, 42, 38, 31]
3958
Execution time: 12.300837993621826


Mean makespan: 395.8