First solution:
[54, 24, 48, 56, 26, 2, 16, 32, 31, 25, 19, 30, 22, 37, 13, 52, 8, 18, 43, 6, 39, 53, 34, 9, 49, 40, 4, 21, 57, 17, 3, 11, 45, 10, 35, 20, 46, 51, 15, 14, 38, 41, 1, 0, 59, 28, 27, 23, 58, 55, 50, 7, 5, 47, 42, 44, 36, 29, 33, 12]
First solution value:
4292
Execution: 0 Seed: 0
Final solution and makespan:
[46, 4, 15, 47, 24, 43, 17, 2, 39, 48, 20, 7, 25, 41, 1, 12, 57, 49, 51, 50, 32, 29, 13, 6, 55, 18, 23, 19, 53, 37, 52, 8, 28, 0, 44, 26, 22, 11, 27, 30, 10, 45, 5, 14, 16, 21, 36, 54, 56, 40, 59, 58, 3, 33, 34, 9, 35, 42, 38, 31]
3958
Execution time: 21.940282821655273

First solution:
[8, 36, 54, 51, 48, 4, 16, 7, 31, 55, 28, 30, 41, 24, 13, 6, 56, 1, 46, 27, 38, 0, 49, 17, 14, 44, 20, 42, 32, 39, 33, 58, 50, 12, 21, 34, 45, 40, 53, 52, 35, 15, 37, 29, 11, 3, 10, 19, 25, 57, 22, 47, 43, 18, 5, 2, 9, 23, 59, 26]
First solution value:
4546
Execution: 1 Seed: 1
Final solution and makespan:
[47, 21, 36, 13, 46, 22, 56, 38, 53, 3, 48, 27, 30, 31, 9, 1, 35, 4, 20, 49, 39, 0, 41, 24, 51, 42, 17, 50, 55, 45, 33, 25, 37, 34, 23, 43, 7, 15, 57, 59, 14, 58, 32, 12, 6, 5, 28, 19, 54, 16, 40, 2, 29, 11, 26, 52, 10, 18, 8, 44]
3972
Execution time: 26.599570989608765

First solution:
[55, 54, 3, 5, 56, 23, 53, 10, 47, 42, 19, 16, 38, 13, 51, 2, 37, 52, 27, 40, 25, 32, 58, 34, 28, 45, 17, 44, 1, 11, 14, 50, 12, 46, 48, 59, 33, 24, 7, 21, 0, 22, 35, 18, 4, 8, 29, 39, 26, 43, 30, 36, 20, 6, 57, 15, 9, 41, 31, 49]
First solution value:
4273
Execution: 2 Seed: 2
Final solution and makespan:
[0, 26, 4, 6, 33, 47, 29, 43, 1, 55, 27, 30, 8, 59, 44, 39, 36, 46, 37, 24, 35, 5, 23, 16, 53, 19, 9, 14, 50, 32, 57, 10, 58, 15, 34, 45, 2, 11, 54, 12, 52, 7, 28, 38, 49, 56, 13, 42, 20, 48, 21, 51, 22, 40, 31, 25, 3, 18, 17, 41]
3828
Execution time: 21.705303192138672

First solution:
[15, 37, 34, 8, 23, 38, 30, 40, 58, 4, 54, 0, 53, 16, 35, 14, 12, 47, 57, 45, 42, 25, 9, 44, 51, 33, 24, 48, 50, 5, 41, 18, 1, 52, 29, 32, 56, 59, 19, 43, 13, 20, 36, 31, 11, 27, 49, 2, 7, 3, 46, 6, 26, 10, 22, 55, 28, 39, 17, 21]
First solution value:
4268
Execution: 3 Seed: 3
Final solution and makespan:
[43, 0, 26, 35, 29, 56, 58, 18, 45, 17, 40, 33, 44, 25, 50, 46, 59, 20, 48, 32, 30, 21, 49, 31, 34, 23, 52, 41, 19, 12, 10, 22, 15, 55, 28, 42, 5, 27, 3, 11, 7, 6, 4, 47, 1, 8, 37, 51, 53, 57, 13, 2, 24, 54, 36, 9, 16, 14, 38, 39]
3930
Execution time: 21.436795711517334

First solution:
[15, 19, 6, 46, 25, 30, 9, 5, 4, 1, 55, 35, 18, 3, 14, 33, 34, 23, 17, 11, 57, 16, 13, 50, 38, 41, 12, 10, 58, 53, 20, 27, 42, 40, 2, 31, 32, 21, 44, 48, 7, 52, 24, 59, 8, 36, 37, 29, 51, 0, 26, 54, 56, 43, 39, 22, 49, 45, 47, 28]
First solution value:
4564
Execution: 4 Seed: 4
Final solution and makespan:
[57, 6, 10, 28, 38, 36, 53, 52, 41, 33, 5, 7, 56, 27, 12, 22, 48, 23, 20, 31, 9, 19, 32, 3, 55, 11, 43, 42, 37, 49, 44, 24, 26, 2, 16, 25, 46, 35, 51, 34, 29, 50, 45, 58, 13, 40, 54, 39, 30, 8, 17, 0, 21, 4, 15, 47, 59, 18, 14, 1]
3941
Execution time: 10.610764741897583

First solution:
[39, 16, 47, 22, 50, 44, 53, 57, 41, 33, 1, 29, 15, 51, 3, 10, 7, 23, 30, 52, 24, 34, 6, 36, 40, 0, 13, 26, 17, 5, 48, 27, 59, 12, 46, 28, 2, 4, 19, 21, 14, 56, 18, 38, 58, 45, 32, 20, 42, 11, 31, 25, 55, 9, 8, 49, 37, 54, 35, 43]
First solution value:
4440
Execution: 5 Seed: 5
Final solution and makespan:
[25, 36, 9, 2, 49, 41, 20, 7, 37, 32, 38, 53, 29, 18, 47, 31, 4, 48, 0, 50, 17, 40, 52, 51, 5, 8, 24, 21, 55, 3, 19, 12, 58, 30, 13, 44, 56, 10, 11, 45, 57, 43, 35, 28, 27, 15, 6, 26, 16, 34, 23, 33, 59, 39, 22, 54, 1, 46, 42, 14]
3942
Execution time: 10.471977949142456

First solution:
[50, 36, 52, 5, 31, 48, 16, 2, 0, 9, 42, 37, 30, 23, 20, 1, 17, 55, 12, 26, 34, 39, 6, 41, 35, 53, 56, 27, 21, 57, 11, 25, 13, 28, 8, 14, 22, 3, 54, 45, 59, 46, 44, 49, 29, 7, 32, 18, 40, 19, 15, 51, 33, 43, 4, 58, 47, 38, 10, 24]
First solution value:
4468
Execution: 6 Seed: 6
Final solution and makespan:
[6, 37, 55, 28, 43, 56, 7, 58, 41, 11, 24, 21, 12, 19, 5, 33, 27, 52, 39, 25, 1, 15, 42, 14, 49, 29, 47, 17, 16, 57, 2, 34, 18, 38, 53, 22, 45, 8, 46, 23, 44, 10, 0, 13, 51, 35, 30, 3, 9, 20, 31, 48, 54, 40, 36, 26, 59, 32, 50, 4]
3972
Execution time: 10.816941022872925

First solution:
[20, 9, 25, 41, 3, 4, 52, 34, 6, 23, 37, 55, 32, 13, 2, 5, 27, 26, 54, 15, 44, 35, 43, 48, 7, 14, 36, 57, 33, 38, 1, 17, 49, 56, 58, 46, 42, 28, 31, 18, 47, 22, 39, 21, 51, 59, 29, 8, 11, 24, 19, 0, 16, 30, 53, 50, 40, 10, 45, 12]
First solution value:
4480
Execution: 7 Seed: 7
Final solution and makespan:
[47, 18, 30, 33, 4, 24, 28, 15, 45, 29, 48, 0, 43, 26, 12, 27, 57, 3, 14, 9, 46, 13, 53, 42, 7, 39, 25, 6, 52, 32, 10, 19, 41, 51, 37, 58, 8, 44, 34, 21, 35, 2, 50, 40, 16, 23, 55, 20, 22, 59, 31, 54, 1, 56, 11, 5, 36, 17, 49, 38]
3919
Execution time: 10.801173686981201

First solution:
[14, 23, 24, 8, 12, 45, 2, 5, 56, 15, 32, 13, 25, 41, 1, 29, 31, 44, 57, 43, 36, 55, 47, 52, 40, 59, 54, 17, 26, 50, 28, 38, 58, 3, 21, 51, 35, 53, 42, 19, 37, 27, 33, 10, 7, 11, 49, 30, 16, 46, 18, 22, 48, 4, 0, 9, 20, 39, 6, 34]
First solution value:
4298
Execution: 8 Seed: 8
Final solution and makespan:
[10, 45, 58, 11, 9, 26, 21, 59, 25, 40, 37, 52, 38, 53, 46, 41, 29, 15, 57, 16, 14, 30, 47, 33, 51, 5, 43, 13, 31, 6, 49, 23, 22, 32, 2, 56, 4, 17, 42, 3, 7, 12, 27, 39, 19, 36, 44, 8, 55, 34, 18, 28, 0, 20, 1, 54, 48, 50, 35, 24]
3944
Execution time: 11.070215702056885

First solution:
[29, 39, 23, 17, 8, 11, 43, 0, 21, 32, 59, 38, 5, 51, 35, 58, 2, 24, 10, 28, 27, 41, 48, 15, 3, 7, 55, 50, 4, 42, 22, 12, 25, 57, 45, 9, 6, 46, 34, 13, 53, 33, 26, 40, 18, 47, 16, 52, 44, 20, 56, 37, 30, 49, 54, 1, 36, 14, 31, 19]
First solution value:
4211
Execution: 9 Seed: 9
Final solution and makespan:
[25, 55, 36, 59, 32, 52, 50, 38, 46, 54, 15, 19, 30, 40, 11, 42, 57, 22, 47, 53, 2, 5, 43, 28, 0, 21, 35, 37, 18, 48, 13, 34, 9, 1, 7, 26, 6, 16, 14, 20, 10, 8, 44, 24, 31, 39, 3, 41, 58, 12, 45, 49, 23, 17, 56, 51, 33, 4, 29, 27]
3920
Execution time: 17.98978900909424


Mean makespan: 3932.6