First solution:
[54, 24, 48, 56, 26, 2, 16, 32, 31, 25, 19, 30, 22, 37, 13, 52, 8, 18, 43, 6, 39, 53, 34, 9, 49, 40, 4, 21, 57, 17, 3, 11, 45, 10, 35, 20, 46, 51, 15, 14, 38, 41, 1, 0, 59, 28, 27, 23, 58, 55, 50, 7, 5, 47, 42, 44, 36, 29, 33, 12]
First solution value:
3823
Execution: 0 Seed: 0
Final solution and makespan:
[8, 47, 22, 40, 2, 44, 54, 4, 0, 3, 52, 12, 38, 29, 32, 18, 53, 21, 41, 34, 55, 39, 23, 11, 48, 33, 9, 24, 49, 25, 20, 14, 59, 30, 43, 16, 58, 15, 36, 28, 57, 6, 27, 26, 37, 17, 50, 13, 46, 51, 31, 45, 19, 1, 10, 7, 5, 35, 42, 56]
3677
Execution time: 6.550241231918335


Mean makespan: 367.7