First solution:
[54, 24, 48, 56, 26, 2, 16, 32, 31, 25, 19, 30, 22, 37, 13, 52, 8, 18, 43, 6, 39, 53, 34, 9, 49, 40, 4, 21, 57, 17, 3, 11, 45, 10, 35, 20, 46, 51, 15, 14, 38, 41, 1, 0, 59, 28, 27, 23, 58, 55, 50, 7, 5, 47, 42, 44, 36, 29, 33, 12]
First solution value:
3823
Execution: 0 Seed: 0
Final solution and makespan:
[8, 47, 22, 40, 2, 44, 54, 4, 0, 3, 52, 12, 38, 29, 32, 18, 53, 21, 41, 34, 55, 39, 23, 11, 48, 33, 9, 24, 49, 25, 20, 14, 59, 30, 43, 16, 58, 15, 36, 28, 57, 6, 27, 26, 37, 17, 50, 13, 46, 51, 31, 45, 19, 1, 10, 7, 5, 35, 42, 56]
3677
Execution time: 6.749346733093262

First solution:
[8, 36, 54, 51, 48, 4, 16, 7, 31, 55, 28, 30, 41, 24, 13, 6, 56, 1, 46, 27, 38, 0, 49, 17, 14, 44, 20, 42, 32, 39, 33, 58, 50, 12, 21, 34, 45, 40, 53, 52, 35, 15, 37, 29, 11, 3, 10, 19, 25, 57, 22, 47, 43, 18, 5, 2, 9, 23, 59, 26]
First solution value:
3967
Execution: 1 Seed: 1
Final solution and makespan:
[39, 41, 19, 42, 17, 33, 30, 58, 28, 0, 1, 18, 49, 59, 4, 31, 21, 35, 13, 29, 52, 7, 12, 40, 16, 9, 37, 53, 8, 54, 5, 38, 43, 27, 11, 10, 32, 15, 45, 48, 44, 34, 24, 55, 47, 56, 22, 3, 14, 51, 36, 25, 26, 2, 6, 20, 23, 57, 50, 46]
3677
Execution time: 5.7423951625823975

First solution:
[55, 54, 3, 5, 56, 23, 53, 10, 47, 42, 19, 16, 38, 13, 51, 2, 37, 52, 27, 40, 25, 32, 58, 34, 28, 45, 17, 44, 1, 11, 14, 50, 12, 46, 48, 59, 33, 24, 7, 21, 0, 22, 35, 18, 4, 8, 29, 39, 26, 43, 30, 36, 20, 6, 57, 15, 9, 41, 31, 49]
First solution value:
3939
Execution: 2 Seed: 2
Final solution and makespan:
[25, 39, 5, 15, 38, 9, 59, 40, 17, 21, 20, 34, 10, 45, 37, 43, 24, 46, 33, 6, 0, 22, 58, 11, 29, 27, 47, 54, 42, 48, 18, 23, 30, 2, 35, 50, 57, 28, 13, 53, 55, 3, 14, 12, 41, 1, 49, 52, 7, 36, 19, 32, 44, 31, 51, 4, 16, 56, 26, 8]
3680
Execution time: 10.65009331703186

First solution:
[15, 37, 34, 8, 23, 38, 30, 40, 58, 4, 54, 0, 53, 16, 35, 14, 12, 47, 57, 45, 42, 25, 9, 44, 51, 33, 24, 48, 50, 5, 41, 18, 1, 52, 29, 32, 56, 59, 19, 43, 13, 20, 36, 31, 11, 27, 49, 2, 7, 3, 46, 6, 26, 10, 22, 55, 28, 39, 17, 21]
First solution value:
4038
Execution: 3 Seed: 3
Final solution and makespan:
[9, 37, 13, 23, 55, 11, 27, 36, 34, 8, 24, 50, 25, 32, 16, 51, 3, 47, 12, 48, 4, 44, 53, 1, 20, 56, 14, 45, 54, 35, 38, 31, 18, 59, 33, 58, 42, 46, 29, 2, 57, 30, 26, 41, 28, 21, 22, 5, 7, 52, 17, 0, 6, 40, 15, 49, 43, 19, 39, 10]
3684
Execution time: 11.525612831115723

First solution:
[15, 19, 6, 46, 25, 30, 9, 5, 4, 1, 55, 35, 18, 3, 14, 33, 34, 23, 17, 11, 57, 16, 13, 50, 38, 41, 12, 10, 58, 53, 20, 27, 42, 40, 2, 31, 32, 21, 44, 48, 7, 52, 24, 59, 8, 36, 37, 29, 51, 0, 26, 54, 56, 43, 39, 22, 49, 45, 47, 28]
First solution value:
3869
Execution: 4 Seed: 4
Final solution and makespan:
[57, 9, 41, 51, 27, 50, 55, 3, 31, 30, 45, 6, 11, 53, 21, 0, 39, 49, 12, 16, 46, 32, 43, 33, 48, 38, 17, 1, 13, 58, 54, 44, 56, 7, 10, 42, 24, 47, 34, 28, 8, 36, 26, 14, 25, 19, 40, 29, 4, 22, 37, 20, 35, 2, 15, 23, 18, 59, 5, 52]
3677
Execution time: 15.267372608184814

First solution:
[39, 16, 47, 22, 50, 44, 53, 57, 41, 33, 1, 29, 15, 51, 3, 10, 7, 23, 30, 52, 24, 34, 6, 36, 40, 0, 13, 26, 17, 5, 48, 27, 59, 12, 46, 28, 2, 4, 19, 21, 14, 56, 18, 38, 58, 45, 32, 20, 42, 11, 31, 25, 55, 9, 8, 49, 37, 54, 35, 43]
First solution value:
3749
Execution: 5 Seed: 5
Final solution and makespan:
[25, 11, 8, 43, 37, 23, 22, 39, 28, 20, 9, 7, 19, 34, 44, 32, 36, 6, 35, 50, 29, 45, 57, 54, 30, 27, 41, 48, 56, 10, 47, 18, 0, 24, 52, 1, 53, 59, 13, 17, 16, 3, 49, 58, 5, 12, 55, 14, 42, 26, 2, 51, 33, 21, 38, 40, 46, 4, 31, 15]
3684
Execution time: 12.767788171768188

First solution:
[50, 36, 52, 5, 31, 48, 16, 2, 0, 9, 42, 37, 30, 23, 20, 1, 17, 55, 12, 26, 34, 39, 6, 41, 35, 53, 56, 27, 21, 57, 11, 25, 13, 28, 8, 14, 22, 3, 54, 45, 59, 46, 44, 49, 29, 7, 32, 18, 40, 19, 15, 51, 33, 43, 4, 58, 47, 38, 10, 24]
First solution value:
4048
Execution: 6 Seed: 6
Final solution and makespan:
[50, 32, 34, 2, 53, 44, 11, 0, 56, 55, 48, 27, 13, 35, 3, 12, 6, 8, 58, 31, 24, 37, 51, 46, 23, 9, 28, 59, 4, 49, 1, 47, 15, 29, 16, 42, 38, 41, 33, 17, 39, 57, 52, 21, 18, 45, 43, 22, 40, 5, 20, 25, 26, 30, 54, 7, 10, 19, 14, 36]
3680
Execution time: 12.965290784835815

First solution:
[20, 9, 25, 41, 3, 4, 52, 34, 6, 23, 37, 55, 32, 13, 2, 5, 27, 26, 54, 15, 44, 35, 43, 48, 7, 14, 36, 57, 33, 38, 1, 17, 49, 56, 58, 46, 42, 28, 31, 18, 47, 22, 39, 21, 51, 59, 29, 8, 11, 24, 19, 0, 16, 30, 53, 50, 40, 10, 45, 12]
First solution value:
4050
Execution: 7 Seed: 7
Final solution and makespan:
[38, 2, 33, 40, 14, 42, 22, 24, 18, 8, 36, 59, 27, 16, 6, 7, 49, 29, 12, 26, 17, 54, 51, 53, 1, 47, 43, 52, 35, 0, 21, 41, 4, 31, 30, 55, 39, 25, 23, 44, 3, 11, 5, 10, 50, 28, 20, 15, 9, 19, 13, 37, 57, 58, 34, 32, 45, 48, 56, 46]
3665
Execution time: 11.877534866333008

First solution:
[14, 23, 24, 8, 12, 45, 2, 5, 56, 15, 32, 13, 25, 41, 1, 29, 31, 44, 57, 43, 36, 55, 47, 52, 40, 59, 54, 17, 26, 50, 28, 38, 58, 3, 21, 51, 35, 53, 42, 19, 37, 27, 33, 10, 7, 11, 49, 30, 16, 46, 18, 22, 48, 4, 0, 9, 20, 39, 6, 34]
First solution value:
4080
Execution: 8 Seed: 8
Final solution and makespan:
[42, 47, 2, 34, 26, 52, 50, 51, 59, 27, 45, 17, 29, 53, 58, 5, 49, 13, 15, 1, 21, 4, 33, 44, 12, 30, 40, 56, 14, 7, 46, 10, 22, 20, 38, 25, 39, 23, 0, 48, 16, 54, 18, 57, 35, 37, 3, 43, 6, 19, 28, 11, 24, 9, 55, 32, 36, 31, 8, 41]
3667
Execution time: 11.14928913116455

First solution:
[29, 39, 23, 17, 8, 11, 43, 0, 21, 32, 59, 38, 5, 51, 35, 58, 2, 24, 10, 28, 27, 41, 48, 15, 3, 7, 55, 50, 4, 42, 22, 12, 25, 57, 45, 9, 6, 46, 34, 13, 53, 33, 26, 40, 18, 47, 16, 52, 44, 20, 56, 37, 30, 49, 54, 1, 36, 14, 31, 19]
First solution value:
3878
Execution: 9 Seed: 9
Final solution and makespan:
[30, 53, 2, 27, 36, 25, 33, 55, 57, 10, 56, 15, 48, 44, 46, 14, 59, 24, 19, 26, 32, 42, 31, 4, 43, 52, 21, 54, 7, 38, 3, 23, 22, 47, 13, 34, 20, 1, 41, 58, 5, 35, 50, 40, 51, 37, 28, 0, 39, 29, 45, 17, 8, 18, 11, 16, 9, 49, 6, 12]
3683
Execution time: 6.297557353973389


Mean makespan: 3677.4