First solution:
[394, 430, 41, 265, 523, 497, 414, 310, 488, 366, 223, 516, 142, 288, 143, 97, 256, 545, 150, 317, 101, 75, 338, 483, 573, 103, 362, 444, 323, 209, 565, 591, 453, 533, 266, 63, 561, 14, 95, 408, 1, 505, 341, 249, 333, 64, 195, 227, 244, 145, 458, 93, 82, 327, 520, 501, 111, 308, 298, 127, 340, 208, 294, 455, 548, 599, 324, 247, 297, 188, 193, 191, 33, 569, 487, 70, 91, 133, 153, 39, 547, 400, 282, 241, 220, 429, 281, 461, 504, 577, 328, 358, 469, 503, 406, 182, 42, 166, 313, 59, 556, 300, 322, 171, 432, 584, 124, 8, 374, 138, 500, 361, 112, 190, 558, 87, 170, 218, 417, 31, 51, 518, 74, 437, 357, 525, 23, 418, 293, 566, 465, 273, 542, 348, 37, 13, 564, 325, 96, 592, 425, 537, 61, 200, 46, 189, 426, 489, 18, 460, 11, 99, 94, 367, 463, 245, 107, 372, 409, 480, 347, 449, 278, 217, 580, 479, 427, 522, 35, 113, 36, 331, 154, 179, 589, 92, 440, 257, 239, 20, 305, 434, 508, 456, 102, 495, 183, 491, 240, 291, 86, 475, 344, 104, 392, 29, 403, 346, 81, 519, 175, 271, 128, 60, 419, 226, 539, 89, 6, 588, 466, 570, 410, 260, 159, 332, 511, 198, 336, 397, 78, 287, 353, 391, 234, 40, 496, 473, 476, 585, 69, 122, 246, 180, 312, 147, 407, 413, 302, 470, 435, 67, 158, 382, 212, 555, 597, 0, 304, 98, 373, 401, 368, 114, 326, 229, 529, 290, 355, 16, 205, 342, 214, 442, 84, 228, 32, 132, 80, 334, 270, 499, 378, 309, 352, 19, 253, 502, 385, 421, 25, 557, 512, 280, 506, 66, 7, 339, 213, 161, 559, 109, 544, 345, 329, 50, 494, 396, 579, 433, 370, 535, 472, 243, 203, 377, 438, 140, 231, 452, 131, 68, 526, 177, 58, 79, 587, 9, 21, 420, 105, 384, 450, 187, 513, 571, 375, 222, 486, 595, 106, 192, 149, 4, 524, 77, 490, 576, 172, 530, 47, 173, 451, 275, 263, 549, 38, 251, 267, 477, 424, 301, 292, 527, 578, 404, 439, 276, 457, 320, 12, 379, 45, 219, 593, 186, 422, 264, 574, 311, 335, 76, 269, 27, 319, 299, 123, 121, 441, 215, 204, 207, 484, 423, 296, 551, 567, 540, 467, 517, 232, 85, 386, 399, 582, 315, 160, 144, 359, 163, 22, 393, 583, 351, 528, 56, 15, 350, 2, 225, 100, 283, 371, 250, 402, 125, 252, 383, 258, 55, 108, 197, 447, 194, 314, 575, 236, 110, 49, 395, 337, 356, 307, 134, 115, 531, 30, 318, 248, 65, 53, 10, 590, 507, 26, 196, 117, 201, 509, 139, 274, 155, 493, 156, 202, 387, 230, 235, 126, 478, 162, 581, 164, 176, 553, 436, 389, 532, 210, 146, 295, 365, 303, 468, 130, 262, 90, 550, 568, 492, 415, 560, 206, 543, 5, 120, 28, 168, 165, 174, 306, 255, 57, 181, 316, 119, 360, 83, 285, 259, 554, 48, 481, 448, 546, 73, 471, 221, 521, 330, 289, 54, 148, 184, 586, 459, 321, 390, 349, 388, 572, 169, 135, 462, 381, 261, 152, 72, 354, 552, 185, 445, 446, 141, 52, 482, 286, 3, 118, 254, 510, 369, 343, 233, 536, 485, 178, 62, 428, 416, 594, 405, 216, 364, 237, 116, 43, 268, 199, 538, 137, 238, 24, 157, 129, 376, 498, 596, 211, 454, 515, 514, 563, 279, 242, 431, 272, 17, 412, 541, 34, 411, 443, 151, 224, 71, 88, 167, 562, 398, 44, 284, 534, 598, 277, 474, 380, 136, 363, 464]
First solution value:
36187
Execution: 0 Seed: 0
Final solution and makespan:
[110, 277, 168, 234, 243, 386, 37, 323, 455, 418, 281, 210, 252, 565, 320, 448, 543, 560, 362, 121, 449, 172, 46, 129, 389, 83, 527, 74, 176, 45, 91, 196, 464, 205, 104, 576, 569, 142, 233, 484, 225, 68, 271, 380, 376, 26, 315, 502, 143, 477, 307, 44, 371, 53, 149, 213, 278, 15, 152, 285, 479, 489, 408, 514, 535, 232, 153, 462, 350, 345, 481, 100, 467, 387, 439, 354, 207, 48, 216, 174, 550, 148, 14, 38, 111, 267, 425, 572, 530, 9, 532, 409, 367, 384, 138, 263, 42, 239, 422, 478, 231, 286, 34, 528, 289, 475, 369, 491, 71, 36, 508, 322, 414, 57, 588, 321, 159, 564, 450, 12, 114, 497, 86, 402, 513, 431, 525, 246, 264, 85, 198, 112, 520, 426, 349, 485, 480, 423, 366, 443, 99, 284, 128, 51, 127, 599, 79, 459, 77, 580, 81, 25, 167, 65, 96, 203, 151, 567, 177, 24, 303, 357, 305, 52, 147, 133, 336, 261, 579, 592, 356, 490, 50, 164, 571, 161, 292, 421, 581, 587, 330, 158, 378, 273, 536, 222, 483, 88, 314, 454, 596, 56, 190, 28, 208, 76, 62, 510, 298, 372, 117, 363, 558, 593, 194, 136, 390, 470, 405, 334, 537, 92, 312, 463, 328, 55, 61, 41, 501, 224, 361, 265, 189, 488, 248, 21, 533, 503, 137, 171, 218, 373, 509, 451, 545, 440, 199, 156, 472, 228, 259, 585, 419, 583, 346, 566, 436, 269, 301, 310, 392, 291, 154, 515, 23, 359, 105, 169, 132, 115, 180, 570, 297, 412, 505, 411, 385, 417, 123, 122, 75, 3, 415, 574, 283, 238, 187, 546, 391, 325, 98, 309, 47, 141, 13, 400, 413, 304, 251, 551, 162, 471, 67, 531, 393, 452, 175, 22, 432, 428, 244, 1, 30, 406, 578, 374, 396, 341, 300, 241, 29, 290, 183, 476, 326, 430, 268, 27, 106, 197, 262, 534, 329, 381, 11, 308, 319, 507, 318, 185, 523, 118, 559, 594, 590, 324, 237, 125, 287, 311, 227, 276, 93, 541, 64, 135, 460, 375, 542, 219, 146, 427, 388, 19, 355, 360, 547, 274, 482, 352, 97, 113, 256, 591, 144, 145, 249, 382, 512, 7, 43, 403, 555, 236, 517, 397, 561, 434, 552, 166, 140, 221, 20, 299, 496, 182, 487, 437, 165, 343, 70, 212, 302, 120, 347, 5, 17, 73, 358, 433, 383, 195, 295, 6, 538, 209, 339, 447, 399, 586, 504, 245, 69, 348, 457, 582, 211, 493, 124, 577, 102, 39, 78, 275, 401, 0, 150, 333, 35, 155, 131, 107, 293, 453, 398, 344, 466, 562, 498, 87, 193, 18, 589, 206, 66, 294, 420, 16, 404, 226, 49, 186, 553, 524, 178, 260, 58, 230, 59, 40, 254, 511, 332, 126, 215, 518, 235, 445, 253, 33, 2, 435, 188, 595, 170, 338, 598, 317, 223, 327, 353, 337, 89, 266, 257, 438, 461, 282, 563, 192, 130, 441, 529, 109, 495, 394, 201, 270, 340, 544, 379, 119, 494, 335, 217, 200, 407, 584, 331, 134, 316, 442, 500, 160, 279, 506, 288, 108, 548, 410, 4, 54, 365, 557, 465, 116, 549, 72, 521, 516, 458, 179, 395, 181, 597, 258, 429, 519, 80, 247, 444, 556, 240, 492, 575, 229, 139, 10, 220, 8, 416, 163, 568, 32, 184, 90, 456, 250, 573, 157, 242, 469, 63, 554, 342, 82, 368, 214, 94, 522, 101, 191, 540, 272, 351, 280, 424, 446, 539, 313, 173, 526, 370, 103, 468, 60, 204, 202, 95, 31, 296, 473, 84, 364, 499, 474, 255, 377, 306, 486]
35005
Execution time: 82.29655575752258

First solution:
[137, 582, 64, 261, 120, 507, 460, 483, 388, 214, 96, 499, 29, 399, 443, 2, 456, 272, 234, 104, 325, 31, 22, 26, 554, 9, 390, 221, 432, 587, 540, 227, 448, 594, 238, 353, 236, 224, 470, 296, 577, 426, 102, 190, 303, 123, 340, 512, 571, 519, 194, 310, 290, 511, 517, 402, 35, 491, 248, 413, 424, 177, 375, 383, 88, 449, 520, 110, 167, 544, 379, 501, 30, 480, 44, 315, 403, 174, 172, 514, 232, 12, 204, 237, 414, 352, 361, 561, 275, 337, 280, 311, 490, 373, 584, 196, 401, 438, 420, 488, 453, 526, 529, 262, 515, 66, 265, 398, 287, 105, 218, 486, 28, 246, 445, 186, 291, 283, 557, 258, 211, 541, 416, 182, 212, 538, 0, 546, 276, 319, 530, 313, 169, 581, 307, 14, 411, 117, 579, 90, 281, 299, 92, 440, 46, 408, 282, 454, 435, 418, 130, 16, 430, 344, 36, 42, 8, 231, 7, 386, 583, 143, 127, 599, 56, 452, 552, 94, 176, 148, 543, 85, 81, 534, 270, 86, 336, 139, 331, 364, 150, 550, 359, 164, 254, 242, 58, 518, 159, 197, 175, 215, 407, 589, 132, 55, 129, 506, 596, 107, 548, 572, 10, 115, 574, 203, 74, 18, 368, 82, 228, 360, 259, 347, 489, 278, 112, 322, 355, 264, 230, 114, 268, 332, 15, 202, 345, 294, 477, 510, 323, 385, 527, 152, 597, 108, 24, 156, 485, 39, 158, 366, 427, 213, 289, 523, 494, 4, 542, 19, 302, 111, 592, 235, 87, 318, 260, 350, 193, 481, 474, 50, 566, 293, 492, 349, 99, 252, 53, 199, 151, 498, 255, 585, 166, 468, 205, 144, 395, 80, 553, 531, 288, 69, 173, 219, 109, 136, 49, 549, 509, 431, 273, 478, 598, 595, 33, 20, 43, 68, 539, 428, 472, 324, 436, 170, 387, 558, 188, 524, 522, 569, 149, 304, 250, 316, 588, 421, 371, 334, 208, 37, 586, 75, 365, 381, 317, 341, 591, 378, 41, 312, 484, 329, 465, 466, 141, 404, 23, 266, 6, 441, 455, 479, 493, 256, 226, 374, 397, 48, 61, 201, 419, 400, 269, 570, 396, 444, 274, 249, 40, 556, 216, 576, 348, 233, 406, 206, 138, 209, 471, 140, 297, 476, 122, 320, 25, 482, 461, 357, 251, 423, 505, 306, 229, 185, 358, 220, 243, 100, 562, 433, 567, 207, 475, 153, 116, 487, 568, 496, 417, 442, 308, 286, 467, 91, 564, 257, 198, 222, 78, 338, 63, 457, 309, 71, 559, 425, 503, 335, 147, 459, 458, 327, 333, 189, 314, 83, 47, 369, 447, 77, 62, 298, 223, 422, 362, 195, 356, 181, 446, 451, 5, 463, 279, 392, 300, 263, 154, 342, 157, 217, 393, 277, 126, 504, 271, 165, 128, 521, 247, 292, 525, 45, 38, 513, 372, 241, 27, 434, 32, 52, 134, 284, 394, 267, 533, 409, 239, 370, 415, 79, 155, 339, 70, 500, 95, 535, 563, 183, 135, 200, 545, 590, 391, 146, 180, 578, 354, 225, 326, 469, 57, 528, 119, 101, 145, 330, 253, 410, 1, 439, 301, 21, 555, 163, 3, 573, 565, 73, 162, 328, 377, 179, 17, 450, 191, 103, 429, 536, 51, 532, 11, 244, 84, 473, 580, 72, 106, 551, 97, 245, 376, 98, 121, 192, 464, 537, 240, 462, 124, 367, 133, 168, 346, 125, 184, 502, 593, 497, 171, 389, 575, 60, 160, 547, 437, 13, 178, 321, 187, 285, 131, 380, 67, 351, 305, 508, 495, 113, 118, 560, 76, 412, 363, 93, 384, 382, 343, 59, 516, 405, 54, 161, 210, 295, 142, 65, 34, 89]
First solution value:
36299
Execution: 1 Seed: 1
Final solution and makespan:
[346, 91, 30, 204, 299, 281, 152, 256, 40, 506, 80, 308, 200, 594, 596, 28, 356, 92, 599, 195, 538, 496, 265, 383, 466, 426, 470, 332, 372, 571, 335, 46, 326, 151, 338, 99, 116, 378, 41, 10, 143, 282, 375, 595, 420, 1, 36, 557, 544, 169, 430, 293, 136, 187, 97, 494, 361, 75, 454, 74, 44, 8, 360, 37, 304, 409, 525, 425, 275, 462, 266, 456, 423, 227, 277, 450, 123, 2, 395, 128, 146, 295, 20, 384, 88, 445, 539, 499, 353, 491, 482, 56, 108, 500, 508, 13, 417, 481, 35, 76, 526, 125, 355, 18, 52, 118, 4, 205, 477, 274, 194, 402, 45, 569, 15, 19, 312, 460, 247, 241, 349, 161, 458, 515, 279, 400, 413, 562, 105, 254, 537, 443, 323, 579, 54, 498, 347, 139, 83, 260, 325, 459, 145, 461, 309, 58, 527, 530, 258, 79, 24, 39, 593, 366, 570, 410, 316, 113, 115, 236, 532, 300, 250, 363, 62, 50, 199, 509, 215, 565, 287, 261, 171, 493, 584, 211, 322, 438, 127, 297, 528, 6, 564, 273, 582, 11, 233, 576, 529, 320, 104, 257, 263, 517, 522, 201, 177, 160, 53, 464, 575, 330, 488, 95, 117, 138, 17, 371, 523, 350, 550, 132, 130, 42, 207, 381, 434, 110, 60, 545, 124, 406, 232, 342, 329, 78, 374, 237, 577, 90, 313, 302, 394, 217, 72, 87, 163, 272, 354, 478, 192, 531, 367, 393, 344, 296, 253, 435, 270, 512, 69, 446, 235, 135, 212, 440, 495, 86, 321, 418, 173, 14, 468, 183, 568, 271, 229, 401, 100, 174, 429, 327, 298, 131, 385, 520, 379, 428, 180, 165, 164, 189, 47, 94, 269, 501, 162, 405, 119, 190, 228, 364, 22, 319, 382, 424, 586, 490, 317, 214, 170, 68, 182, 142, 166, 439, 155, 472, 33, 314, 578, 591, 558, 572, 535, 184, 0, 432, 267, 224, 479, 543, 181, 3, 286, 219, 168, 101, 513, 583, 206, 262, 112, 306, 89, 416, 133, 120, 158, 574, 343, 552, 203, 26, 534, 451, 288, 141, 398, 503, 63, 25, 23, 511, 186, 285, 31, 334, 57, 240, 533, 198, 551, 559, 107, 560, 231, 303, 70, 147, 427, 480, 563, 561, 492, 474, 38, 463, 453, 549, 5, 502, 122, 255, 223, 9, 324, 341, 310, 348, 465, 546, 148, 21, 252, 507, 414, 159, 597, 585, 81, 505, 376, 96, 573, 176, 27, 391, 93, 268, 55, 392, 222, 202, 422, 483, 216, 307, 340, 419, 301, 157, 336, 362, 213, 144, 129, 64, 365, 388, 486, 497, 246, 65, 448, 389, 167, 467, 589, 580, 251, 516, 225, 238, 150, 377, 352, 547, 67, 471, 66, 280, 514, 331, 415, 59, 109, 369, 61, 387, 134, 175, 359, 536, 7, 412, 339, 264, 473, 29, 351, 469, 98, 370, 390, 328, 541, 489, 396, 484, 411, 137, 408, 121, 245, 504, 441, 178, 436, 444, 380, 208, 510, 284, 276, 172, 188, 179, 588, 283, 556, 554, 553, 71, 114, 357, 106, 566, 218, 311, 487, 404, 449, 447, 567, 598, 373, 126, 48, 397, 73, 457, 485, 259, 249, 32, 368, 111, 12, 345, 442, 386, 154, 243, 153, 43, 590, 290, 156, 476, 226, 587, 85, 475, 581, 77, 292, 421, 452, 239, 197, 337, 305, 294, 403, 140, 542, 333, 291, 521, 248, 242, 209, 518, 51, 49, 244, 358, 548, 519, 455, 220, 230, 34, 289, 196, 234, 193, 149, 433, 524, 431, 102, 191, 278, 221, 84, 592, 399, 437, 540, 318, 185, 103, 82, 16, 315, 555, 407, 210]
35185
Execution time: 88.28900837898254

First solution:
[57, 93, 86, 369, 173, 315, 257, 217, 36, 162, 441, 402, 521, 380, 557, 455, 514, 274, 591, 28, 372, 476, 326, 389, 433, 538, 168, 181, 241, 236, 24, 180, 332, 177, 139, 522, 564, 368, 526, 186, 456, 424, 537, 579, 362, 370, 559, 165, 409, 472, 543, 255, 501, 285, 510, 512, 527, 555, 465, 550, 359, 467, 498, 227, 567, 170, 582, 491, 316, 310, 516, 519, 416, 319, 212, 500, 375, 77, 349, 8, 195, 108, 60, 50, 279, 232, 518, 565, 272, 125, 422, 107, 483, 450, 30, 216, 459, 367, 388, 16, 29, 185, 184, 88, 127, 344, 12, 42, 58, 488, 34, 493, 20, 373, 470, 10, 191, 130, 65, 549, 479, 80, 376, 94, 267, 354, 0, 197, 301, 22, 406, 126, 563, 18, 2, 176, 594, 321, 586, 382, 599, 146, 172, 250, 15, 157, 229, 282, 392, 309, 378, 23, 135, 386, 205, 589, 318, 361, 78, 242, 115, 47, 338, 351, 161, 429, 52, 490, 453, 403, 481, 265, 299, 399, 201, 249, 263, 167, 73, 174, 132, 134, 530, 214, 334, 9, 358, 546, 71, 343, 499, 129, 17, 67, 82, 87, 49, 583, 325, 118, 260, 542, 524, 468, 119, 365, 536, 37, 128, 41, 302, 116, 561, 387, 363, 497, 131, 350, 504, 142, 269, 541, 574, 466, 196, 209, 405, 56, 262, 554, 44, 123, 575, 51, 484, 598, 400, 53, 111, 432, 266, 342, 237, 588, 158, 533, 328, 194, 513, 460, 508, 222, 592, 261, 394, 297, 576, 26, 480, 268, 494, 92, 48, 245, 187, 414, 428, 517, 312, 335, 148, 190, 454, 415, 211, 366, 398, 156, 101, 520, 231, 505, 210, 248, 357, 106, 471, 451, 449, 145, 360, 353, 322, 39, 112, 251, 98, 59, 292, 507, 200, 463, 411, 464, 202, 62, 482, 294, 313, 390, 171, 427, 436, 323, 506, 240, 485, 254, 329, 183, 234, 72, 300, 137, 247, 379, 244, 341, 304, 151, 295, 385, 478, 553, 419, 218, 43, 430, 581, 182, 90, 75, 213, 489, 596, 233, 431, 420, 207, 552, 577, 32, 258, 99, 410, 572, 289, 226, 252, 84, 305, 548, 418, 421, 580, 306, 138, 193, 287, 569, 284, 333, 63, 280, 383, 434, 423, 40, 340, 568, 535, 103, 91, 288, 528, 458, 560, 331, 395, 239, 384, 7, 271, 152, 303, 188, 46, 100, 293, 13, 562, 70, 264, 64, 273, 330, 105, 220, 539, 120, 437, 140, 253, 426, 573, 487, 503, 136, 159, 337, 540, 534, 97, 590, 311, 475, 221, 298, 401, 166, 45, 230, 4, 179, 55, 417, 155, 445, 277, 25, 246, 461, 324, 198, 150, 281, 371, 545, 35, 175, 442, 199, 523, 225, 144, 238, 243, 502, 477, 89, 473, 124, 593, 397, 452, 85, 117, 68, 391, 133, 208, 374, 496, 283, 566, 96, 308, 474, 327, 531, 597, 571, 122, 314, 110, 189, 407, 6, 511, 393, 192, 336, 143, 525, 19, 1, 346, 339, 446, 544, 203, 509, 228, 109, 278, 556, 413, 587, 515, 439, 83, 113, 61, 206, 38, 558, 33, 348, 457, 492, 347, 529, 66, 11, 224, 364, 444, 469, 356, 147, 76, 79, 5, 551, 532, 377, 270, 3, 404, 408, 219, 223, 355, 570, 585, 54, 448, 381, 149, 396, 296, 21, 307, 286, 345, 31, 235, 141, 438, 320, 275, 440, 495, 121, 169, 317, 584, 443, 412, 435, 447, 27, 69, 95, 114, 153, 154, 462, 486, 547, 164, 102, 259, 290, 178, 160, 256, 595, 14, 204, 215, 276, 104, 163, 81, 291, 352, 425, 578, 74]
First solution value:
35678
Execution: 2 Seed: 2
Final solution and makespan:
[333, 473, 113, 46, 17, 539, 94, 320, 443, 117, 187, 420, 546, 274, 154, 424, 363, 220, 191, 14, 59, 53, 415, 593, 440, 583, 100, 336, 479, 152, 418, 245, 343, 314, 271, 318, 73, 215, 39, 29, 359, 414, 594, 548, 68, 306, 564, 503, 509, 52, 267, 288, 369, 44, 283, 331, 292, 57, 65, 178, 114, 301, 450, 35, 3, 496, 142, 188, 5, 485, 170, 497, 584, 463, 328, 438, 4, 558, 507, 165, 535, 323, 224, 286, 372, 445, 382, 135, 480, 64, 290, 556, 511, 371, 247, 122, 444, 141, 591, 434, 106, 597, 119, 324, 261, 337, 169, 575, 229, 282, 477, 319, 88, 389, 437, 75, 387, 158, 565, 27, 116, 239, 576, 203, 494, 492, 256, 516, 91, 277, 386, 592, 161, 63, 297, 241, 349, 20, 312, 217, 429, 454, 216, 115, 265, 574, 80, 550, 15, 198, 225, 108, 543, 417, 276, 11, 383, 470, 71, 249, 48, 26, 101, 221, 552, 491, 379, 291, 242, 573, 526, 482, 38, 587, 143, 255, 212, 598, 354, 361, 30, 522, 69, 19, 112, 409, 208, 538, 585, 162, 566, 206, 370, 436, 596, 236, 559, 398, 339, 58, 493, 532, 375, 533, 194, 284, 439, 251, 137, 346, 23, 234, 43, 176, 362, 89, 329, 353, 147, 252, 447, 177, 458, 377, 345, 569, 303, 355, 103, 259, 402, 202, 357, 315, 549, 264, 408, 99, 512, 476, 36, 47, 253, 281, 300, 310, 460, 118, 32, 129, 160, 230, 442, 151, 41, 173, 340, 174, 514, 222, 24, 12, 197, 322, 390, 449, 464, 50, 504, 269, 272, 338, 231, 400, 472, 78, 384, 209, 227, 120, 199, 54, 179, 488, 392, 22, 40, 515, 404, 81, 138, 92, 579, 580, 407, 360, 568, 67, 456, 352, 96, 21, 190, 130, 453, 562, 567, 275, 397, 9, 82, 530, 321, 520, 196, 557, 254, 545, 195, 61, 149, 226, 181, 183, 441, 457, 156, 561, 534, 228, 495, 335, 25, 172, 76, 304, 374, 471, 287, 486, 428, 316, 85, 244, 62, 140, 266, 246, 110, 432, 350, 381, 599, 16, 388, 403, 294, 571, 427, 262, 505, 74, 139, 223, 219, 258, 268, 214, 588, 508, 307, 344, 298, 211, 582, 97, 171, 484, 0, 544, 483, 525, 380, 547, 121, 410, 401, 37, 430, 87, 159, 373, 366, 6, 104, 193, 1, 8, 474, 334, 278, 295, 395, 367, 475, 270, 446, 376, 166, 459, 351, 238, 462, 125, 136, 422, 595, 435, 358, 332, 313, 521, 499, 260, 83, 2, 233, 84, 540, 378, 237, 90, 305, 93, 235, 396, 500, 167, 411, 431, 133, 531, 289, 519, 175, 433, 148, 365, 541, 506, 10, 250, 490, 42, 184, 416, 542, 577, 240, 66, 570, 243, 467, 79, 7, 232, 200, 163, 393, 421, 56, 513, 465, 589, 186, 487, 419, 60, 347, 412, 413, 426, 517, 394, 95, 586, 144, 510, 34, 31, 555, 86, 563, 423, 481, 578, 33, 309, 168, 527, 448, 455, 77, 590, 529, 201, 560, 524, 501, 364, 391, 102, 185, 553, 502, 299, 182, 134, 180, 70, 327, 210, 466, 105, 55, 109, 204, 164, 399, 146, 296, 325, 551, 207, 478, 18, 498, 452, 406, 126, 285, 317, 341, 263, 537, 348, 145, 157, 554, 127, 128, 205, 49, 218, 461, 293, 189, 356, 155, 107, 51, 273, 368, 45, 302, 572, 330, 405, 257, 13, 425, 280, 279, 311, 581, 385, 213, 98, 536, 518, 28, 124, 72, 326, 523, 528, 132, 248, 451, 192, 469, 123, 131, 342, 489, 153, 150, 111, 468, 308]
34898
Execution time: 88.2341468334198

First solution:
[243, 557, 133, 378, 485, 594, 67, 13, 480, 265, 564, 239, 196, 481, 553, 562, 487, 406, 154, 237, 155, 535, 399, 15, 65, 163, 43, 308, 31, 275, 484, 396, 437, 404, 455, 137, 374, 99, 36, 139, 506, 222, 264, 446, 572, 431, 519, 395, 359, 546, 417, 580, 344, 29, 286, 167, 334, 106, 216, 273, 291, 127, 64, 493, 495, 90, 352, 68, 420, 581, 20, 300, 567, 425, 121, 45, 46, 386, 338, 285, 517, 241, 561, 317, 7, 78, 110, 32, 202, 497, 208, 149, 312, 134, 79, 353, 21, 501, 444, 173, 160, 184, 490, 70, 459, 441, 193, 192, 235, 445, 266, 197, 329, 443, 304, 348, 545, 52, 516, 415, 259, 138, 220, 324, 368, 366, 525, 530, 223, 132, 489, 579, 280, 500, 5, 403, 212, 296, 161, 10, 492, 315, 301, 323, 532, 30, 476, 321, 170, 238, 180, 347, 449, 311, 361, 142, 377, 250, 11, 457, 571, 346, 460, 189, 128, 452, 233, 152, 303, 307, 574, 534, 186, 94, 499, 388, 436, 595, 135, 153, 464, 536, 53, 552, 592, 539, 350, 376, 593, 158, 256, 113, 543, 589, 122, 544, 95, 448, 558, 332, 357, 49, 482, 430, 164, 451, 345, 114, 224, 86, 40, 172, 379, 400, 111, 414, 230, 478, 115, 61, 17, 271, 97, 461, 294, 93, 502, 174, 328, 573, 586, 176, 440, 66, 215, 508, 590, 382, 548, 177, 453, 213, 148, 214, 290, 209, 18, 211, 505, 102, 2, 244, 318, 261, 401, 483, 408, 16, 433, 339, 363, 147, 278, 372, 116, 34, 367, 146, 380, 125, 23, 387, 262, 101, 477, 295, 25, 6, 246, 331, 87, 257, 531, 405, 527, 268, 274, 533, 27, 58, 336, 537, 129, 276, 569, 439, 447, 343, 326, 62, 540, 320, 319, 316, 140, 575, 3, 249, 204, 456, 362, 538, 582, 269, 469, 541, 26, 242, 165, 0, 28, 555, 583, 63, 355, 35, 247, 342, 44, 263, 402, 442, 412, 80, 267, 585, 179, 488, 199, 468, 498, 421, 486, 168, 219, 422, 512, 373, 467, 183, 185, 547, 203, 529, 145, 524, 458, 419, 117, 472, 166, 200, 289, 248, 162, 205, 494, 159, 226, 513, 591, 282, 526, 288, 194, 270, 520, 107, 360, 393, 518, 4, 528, 55, 287, 69, 221, 151, 504, 234, 108, 57, 109, 33, 515, 83, 228, 143, 411, 254, 118, 475, 450, 187, 169, 258, 96, 394, 556, 587, 81, 144, 136, 283, 150, 314, 1, 473, 598, 60, 584, 341, 559, 277, 188, 570, 409, 418, 305, 322, 297, 327, 578, 550, 123, 72, 577, 76, 22, 9, 175, 130, 225, 298, 191, 141, 309, 240, 576, 551, 384, 232, 523, 19, 156, 521, 306, 335, 100, 337, 426, 333, 89, 325, 503, 424, 435, 554, 105, 41, 542, 281, 39, 82, 51, 392, 302, 522, 434, 12, 511, 299, 245, 365, 474, 56, 75, 92, 207, 198, 371, 407, 358, 369, 507, 74, 375, 389, 588, 88, 565, 37, 85, 428, 397, 491, 104, 563, 354, 260, 231, 349, 91, 255, 48, 568, 340, 416, 429, 454, 410, 390, 131, 549, 514, 427, 59, 71, 293, 597, 227, 330, 465, 73, 510, 471, 8, 496, 229, 54, 272, 463, 124, 120, 398, 381, 119, 178, 252, 171, 370, 432, 470, 599, 236, 182, 438, 190, 201, 351, 210, 413, 47, 77, 50, 364, 279, 157, 251, 466, 423, 103, 217, 509, 310, 313, 566, 596, 181, 84, 112, 218, 385, 206, 126, 14, 253, 479, 98, 383, 462, 391, 42, 292, 560, 24, 38, 356, 195, 284]
First solution value:
36077
Execution: 3 Seed: 3
Final solution and makespan:
[414, 193, 85, 455, 194, 371, 568, 272, 144, 343, 538, 123, 38, 241, 6, 523, 588, 7, 456, 45, 201, 62, 149, 48, 253, 360, 578, 510, 417, 378, 219, 469, 392, 424, 192, 385, 14, 218, 216, 585, 23, 73, 571, 115, 412, 486, 558, 122, 80, 452, 369, 367, 281, 496, 133, 148, 1, 129, 448, 2, 300, 54, 344, 478, 377, 390, 549, 8, 376, 261, 24, 40, 63, 468, 105, 143, 297, 405, 175, 533, 388, 260, 553, 233, 169, 264, 69, 246, 5, 166, 334, 460, 305, 562, 109, 306, 131, 240, 307, 473, 237, 21, 37, 267, 211, 270, 77, 441, 280, 514, 232, 258, 379, 68, 20, 269, 126, 567, 413, 340, 580, 322, 408, 356, 337, 384, 480, 279, 146, 189, 537, 399, 572, 296, 210, 114, 427, 479, 248, 160, 74, 439, 320, 410, 411, 415, 321, 70, 110, 503, 152, 136, 252, 332, 342, 104, 15, 202, 401, 284, 416, 188, 317, 30, 526, 354, 173, 483, 543, 548, 199, 311, 372, 309, 137, 171, 579, 504, 513, 406, 220, 442, 423, 295, 79, 277, 81, 243, 113, 552, 97, 121, 381, 444, 499, 419, 106, 47, 27, 516, 519, 484, 366, 539, 288, 116, 254, 276, 57, 501, 394, 247, 140, 223, 582, 301, 204, 586, 91, 355, 184, 150, 273, 357, 86, 331, 191, 347, 475, 17, 177, 67, 162, 495, 157, 111, 426, 60, 383, 103, 581, 249, 507, 532, 348, 196, 215, 363, 31, 561, 493, 374, 380, 304, 268, 282, 278, 235, 432, 139, 589, 382, 87, 477, 326, 471, 505, 25, 52, 89, 78, 108, 542, 563, 574, 88, 593, 75, 512, 212, 557, 591, 310, 222, 550, 506, 576, 285, 461, 58, 527, 271, 11, 154, 365, 236, 102, 349, 147, 255, 9, 328, 168, 488, 368, 299, 336, 151, 289, 203, 72, 213, 172, 250, 56, 547, 497, 227, 142, 39, 66, 183, 338, 597, 584, 447, 521, 428, 239, 536, 64, 466, 556, 50, 259, 364, 339, 187, 178, 387, 485, 434, 458, 275, 124, 256, 185, 531, 554, 492, 208, 35, 51, 10, 16, 92, 198, 327, 375, 345, 221, 420, 82, 28, 49, 350, 229, 13, 570, 155, 421, 330, 403, 190, 575, 179, 156, 206, 262, 94, 207, 522, 26, 96, 315, 595, 242, 440, 438, 117, 482, 566, 18, 161, 391, 592, 520, 12, 234, 494, 341, 130, 200, 165, 266, 159, 517, 93, 32, 42, 19, 29, 404, 287, 463, 145, 316, 209, 176, 524, 551, 540, 263, 470, 425, 529, 498, 402, 429, 36, 65, 100, 583, 515, 217, 245, 474, 226, 502, 362, 98, 373, 230, 386, 534, 291, 335, 4, 313, 119, 544, 449, 422, 132, 153, 120, 508, 457, 0, 359, 170, 167, 158, 22, 174, 596, 430, 195, 3, 197, 598, 407, 214, 61, 251, 71, 459, 43, 257, 274, 293, 186, 333, 370, 286, 398, 125, 481, 303, 599, 90, 396, 490, 594, 346, 112, 361, 182, 587, 292, 34, 138, 454, 545, 546, 118, 418, 33, 472, 451, 465, 163, 464, 76, 107, 319, 450, 127, 476, 389, 95, 577, 590, 437, 491, 283, 559, 164, 351, 83, 294, 489, 409, 205, 101, 500, 395, 228, 518, 141, 298, 446, 352, 573, 325, 358, 314, 431, 225, 487, 55, 535, 511, 323, 353, 525, 231, 312, 436, 238, 462, 530, 135, 265, 393, 302, 308, 445, 467, 244, 134, 564, 329, 46, 224, 565, 541, 44, 400, 528, 180, 555, 560, 84, 318, 290, 569, 435, 53, 41, 99, 443, 59, 397, 433, 453, 128, 181, 324, 509]
34939
Execution time: 87.79181385040283

First solution:
[241, 310, 105, 405, 490, 158, 92, 68, 20, 411, 562, 296, 60, 227, 532, 549, 368, 283, 176, 108, 268, 219, 26, 266, 278, 198, 168, 317, 588, 381, 88, 345, 397, 518, 254, 182, 253, 484, 286, 91, 307, 7, 298, 319, 520, 199, 423, 433, 295, 441, 462, 165, 238, 312, 265, 44, 83, 47, 473, 287, 531, 482, 351, 148, 200, 592, 422, 207, 451, 282, 188, 364, 446, 328, 203, 331, 103, 63, 234, 284, 243, 125, 339, 181, 297, 470, 577, 43, 365, 357, 42, 458, 493, 488, 146, 376, 568, 491, 167, 9, 548, 147, 164, 494, 78, 396, 333, 210, 550, 538, 445, 572, 348, 418, 39, 150, 316, 98, 457, 586, 149, 69, 128, 195, 306, 81, 169, 293, 4, 186, 22, 232, 86, 514, 401, 590, 185, 536, 292, 49, 224, 106, 217, 508, 58, 30, 31, 28, 377, 467, 304, 346, 76, 598, 591, 279, 251, 557, 127, 497, 18, 62, 427, 270, 479, 496, 209, 507, 102, 244, 523, 123, 459, 492, 443, 439, 112, 215, 480, 502, 524, 578, 110, 255, 96, 16, 424, 130, 129, 124, 269, 456, 395, 118, 213, 133, 72, 166, 513, 161, 289, 59, 291, 206, 334, 407, 367, 570, 489, 563, 574, 542, 220, 107, 472, 84, 172, 151, 336, 599, 526, 400, 533, 436, 417, 335, 537, 137, 173, 535, 565, 38, 143, 321, 342, 97, 469, 202, 506, 65, 372, 341, 454, 85, 352, 325, 237, 567, 380, 434, 554, 111, 1, 580, 80, 6, 546, 131, 398, 362, 476, 113, 281, 27, 429, 82, 311, 541, 540, 373, 409, 225, 13, 40, 17, 449, 57, 250, 419, 511, 432, 71, 21, 463, 326, 267, 5, 152, 177, 583, 512, 575, 468, 517, 597, 159, 389, 119, 249, 204, 48, 485, 455, 187, 262, 222, 212, 421, 34, 100, 154, 245, 216, 587, 285, 356, 190, 543, 90, 447, 501, 390, 371, 132, 2, 450, 275, 324, 61, 56, 301, 247, 527, 576, 566, 426, 589, 564, 117, 593, 0, 392, 160, 239, 156, 256, 294, 464, 201, 553, 416, 594, 338, 290, 36, 64, 197, 343, 260, 332, 87, 355, 375, 361, 155, 288, 383, 585, 272, 45, 73, 95, 50, 498, 525, 89, 233, 248, 23, 19, 374, 499, 230, 384, 444, 228, 530, 544, 280, 313, 399, 264, 134, 193, 363, 560, 25, 315, 46, 435, 126, 240, 505, 387, 194, 29, 385, 402, 122, 223, 504, 308, 303, 77, 581, 486, 153, 561, 545, 180, 189, 79, 94, 515, 596, 359, 257, 135, 115, 431, 252, 170, 503, 403, 322, 305, 263, 3, 430, 388, 138, 261, 393, 93, 184, 99, 558, 442, 412, 354, 529, 569, 178, 221, 66, 428, 179, 191, 414, 314, 271, 163, 211, 33, 12, 41, 101, 67, 471, 438, 340, 24, 52, 320, 121, 571, 10, 15, 547, 183, 218, 394, 521, 495, 579, 539, 437, 205, 329, 196, 175, 53, 141, 337, 330, 144, 318, 425, 584, 259, 440, 70, 353, 378, 420, 528, 258, 140, 139, 415, 8, 299, 236, 391, 32, 360, 461, 534, 552, 51, 509, 369, 460, 120, 54, 162, 35, 273, 474, 556, 104, 274, 14, 347, 475, 366, 145, 510, 483, 481, 516, 11, 157, 214, 452, 573, 551, 309, 350, 477, 116, 300, 136, 37, 582, 344, 382, 242, 302, 595, 465, 235, 192, 327, 386, 410, 323, 466, 208, 55, 174, 277, 478, 74, 555, 559, 522, 358, 487, 229, 142, 404, 75, 453, 519, 408, 171, 370, 500, 226, 246, 379, 109, 231, 349, 276, 114, 413, 448, 406]
First solution value:
36296
Execution: 4 Seed: 4
Final solution and makespan:
[484, 39, 96, 258, 344, 121, 357, 177, 35, 536, 476, 72, 438, 247, 14, 272, 519, 404, 347, 206, 241, 164, 256, 416, 434, 396, 571, 365, 100, 58, 314, 556, 557, 453, 379, 251, 405, 327, 567, 216, 257, 394, 492, 129, 326, 187, 456, 48, 572, 242, 363, 553, 533, 63, 143, 560, 518, 59, 145, 238, 132, 114, 589, 481, 246, 340, 526, 104, 45, 452, 80, 323, 207, 22, 388, 455, 52, 488, 308, 250, 535, 203, 382, 409, 479, 138, 330, 83, 473, 390, 383, 369, 359, 84, 333, 253, 273, 225, 471, 165, 265, 554, 192, 470, 547, 301, 422, 514, 264, 234, 171, 146, 573, 506, 423, 319, 583, 377, 50, 561, 411, 12, 46, 341, 228, 292, 33, 334, 310, 49, 537, 90, 597, 116, 278, 81, 372, 183, 370, 540, 277, 34, 69, 188, 172, 202, 362, 82, 93, 159, 538, 486, 495, 332, 269, 351, 8, 496, 564, 420, 433, 61, 282, 462, 161, 501, 395, 299, 528, 566, 5, 451, 137, 432, 2, 457, 570, 178, 313, 415, 157, 288, 485, 575, 483, 268, 92, 442, 194, 445, 217, 515, 393, 568, 302, 281, 585, 54, 508, 406, 293, 40, 229, 522, 142, 563, 399, 205, 384, 346, 1, 349, 208, 233, 31, 467, 201, 511, 275, 85, 580, 106, 190, 588, 343, 532, 184, 259, 23, 355, 86, 430, 505, 389, 402, 418, 447, 579, 0, 513, 122, 11, 105, 322, 371, 491, 220, 286, 199, 294, 439, 135, 191, 463, 368, 169, 179, 401, 87, 312, 454, 493, 460, 307, 189, 20, 37, 502, 381, 27, 446, 329, 414, 525, 387, 468, 79, 240, 108, 97, 448, 373, 53, 198, 584, 6, 78, 364, 300, 244, 119, 196, 270, 317, 549, 130, 497, 66, 466, 576, 487, 139, 41, 76, 375, 13, 577, 75, 516, 226, 306, 489, 449, 374, 348, 176, 227, 215, 593, 67, 3, 149, 551, 469, 590, 529, 152, 28, 599, 521, 335, 125, 249, 101, 271, 235, 7, 210, 99, 276, 336, 581, 504, 507, 237, 517, 296, 524, 546, 392, 503, 102, 478, 44, 490, 70, 193, 236, 569, 421, 15, 118, 559, 598, 461, 186, 167, 230, 77, 64, 112, 254, 305, 30, 182, 350, 62, 18, 103, 223, 555, 239, 298, 94, 431, 280, 200, 321, 339, 550, 89, 287, 17, 444, 315, 361, 523, 214, 25, 424, 539, 19, 403, 55, 128, 51, 499, 328, 285, 289, 474, 531, 360, 162, 9, 74, 594, 480, 325, 248, 565, 295, 91, 124, 29, 163, 136, 174, 279, 68, 397, 95, 71, 36, 428, 219, 587, 450, 541, 43, 520, 425, 436, 115, 297, 412, 527, 123, 586, 224, 413, 596, 26, 320, 459, 232, 56, 24, 166, 477, 158, 337, 316, 530, 429, 109, 267, 548, 120, 380, 440, 475, 498, 345, 111, 331, 262, 290, 544, 562, 42, 16, 60, 110, 443, 391, 441, 4, 386, 356, 591, 148, 309, 173, 465, 458, 311, 283, 180, 73, 552, 10, 107, 304, 88, 274, 318, 509, 542, 65, 144, 21, 592, 151, 57, 367, 353, 150, 252, 156, 175, 408, 342, 358, 419, 32, 170, 494, 324, 260, 482, 168, 140, 155, 213, 243, 464, 303, 266, 426, 221, 338, 291, 141, 407, 147, 218, 117, 366, 545, 211, 38, 131, 181, 558, 127, 204, 197, 263, 376, 245, 153, 385, 212, 595, 582, 231, 574, 284, 398, 352, 427, 133, 578, 185, 437, 98, 378, 154, 261, 209, 160, 113, 543, 47, 410, 195, 510, 126, 500, 512, 400, 255, 472, 134, 354, 222, 435, 417, 534]
35007
Execution time: 80.79951071739197


Mean makespan: 17503.4